+2.00000E+2	+7.72552E-2	+2.21789E-2	+2.26822E-2
+2.00500E+2	+7.67212E-2	+2.22537E-2	+2.28618E-2
+2.01000E+2	+7.69653E-2	+2.23630E-2	+2.30137E-2
+2.01500E+2	+7.44476E-2	+2.24161E-2	+2.31912E-2
+2.02000E+2	+7.78351E-2	+2.25219E-2	+2.33469E-2
+2.02500E+2	+7.74231E-2	+2.26372E-2	+2.34964E-2
+2.03000E+2	+8.07190E-2	+2.27477E-2	+2.37065E-2
+2.03500E+2	+7.18231E-2	+2.27678E-2	+2.38307E-2
+2.04000E+2	+7.72552E-2	+2.29023E-2	+2.40025E-2
+2.04500E+2	+7.87964E-2	+2.29745E-2	+2.41600E-2
+2.05000E+2	+7.71484E-2	+2.30530E-2	+2.42728E-2
+2.05500E+2	+7.87659E-2	+2.31229E-2	+2.44009E-2
+2.06000E+2	+7.44934E-2	+2.32096E-2	+2.45805E-2
+2.06500E+2	+7.61108E-2	+2.32651E-2	+2.46834E-2
+2.07000E+2	+7.92084E-2	+2.33015E-2	+2.47984E-2
+2.07500E+2	+7.60498E-2	+2.34181E-2	+2.50493E-2
+2.08000E+2	+7.58667E-2	+2.34650E-2	+2.51900E-2
+2.08500E+2	+7.81097E-2	+2.35094E-2	+2.52044E-2
+2.09000E+2	+7.96204E-2	+2.35795E-2	+2.53072E-2
+2.09500E+2	+7.95288E-2	+2.36229E-2	+2.54421E-2
+2.10000E+2	+8.20770E-2	+2.36809E-2	+2.55515E-2
+2.10500E+2	+8.11310E-2	+2.37442E-2	+2.56840E-2
+2.11000E+2	+7.71790E-2	+2.38216E-2	+2.57762E-2
+2.11500E+2	+7.43408E-2	+2.38687E-2	+2.59172E-2
+2.12000E+2	+8.05817E-2	+2.39885E-2	+2.60218E-2
+2.12500E+2	+7.60651E-2	+2.40571E-2	+2.61499E-2
+2.13000E+2	+8.19550E-2	+2.40799E-2	+2.62662E-2
+2.13500E+2	+7.65533E-2	+2.41431E-2	+2.64134E-2
+2.14000E+2	+7.91626E-2	+2.42491E-2	+2.65464E-2
+2.14500E+2	+7.88116E-2	+2.43442E-2	+2.67105E-2
+2.15000E+2	+7.58667E-2	+2.44426E-2	+2.68879E-2
+2.15500E+2	+8.32977E-2	+2.45197E-2	+2.70795E-2
+2.16000E+2	+8.14056E-2	+2.46838E-2	+2.73071E-2
+2.16500E+2	+7.87354E-2	+2.48351E-2	+2.76264E-2
+2.17000E+2	+8.12225E-2	+2.50717E-2	+2.79651E-2
+2.17500E+2	+8.32062E-2	+2.52525E-2	+2.83796E-2
+2.18000E+2	+8.14514E-2	+2.55995E-2	+2.88151E-2
+2.18500E+2	+7.94678E-2	+2.58602E-2	+2.93254E-2
+2.19000E+2	+8.12531E-2	+2.60931E-2	+2.97151E-2
+2.19500E+2	+8.63342E-2	+2.62567E-2	+3.00056E-2
+2.20000E+2	+8.49457E-2	+2.64348E-2	+3.03059E-2
+2.20500E+2	+7.96204E-2	+2.65843E-2	+3.05829E-2
+2.21000E+2	+8.59222E-2	+2.67420E-2	+3.08318E-2
+2.21500E+2	+8.70819E-2	+2.69462E-2	+3.10859E-2
+2.22000E+2	+8.43811E-2	+2.70970E-2	+3.13405E-2
+2.22500E+2	+8.59680E-2	+2.72838E-2	+3.16060E-2
+2.23000E+2	+8.36334E-2	+2.74283E-2	+3.18307E-2
+2.23500E+2	+8.92029E-2	+2.75962E-2	+3.20471E-2
+2.24000E+2	+8.98285E-2	+2.77253E-2	+3.22483E-2
+2.24500E+2	+8.77228E-2	+2.78365E-2	+3.23835E-2
+2.25000E+2	+8.38013E-2	+2.79979E-2	+3.25591E-2
+2.25500E+2	+8.65936E-2	+2.81540E-2	+3.27176E-2
+2.26000E+2	+9.32465E-2	+2.82354E-2	+3.28775E-2
+2.26500E+2	+8.71124E-2	+2.83007E-2	+3.30231E-2
+2.27000E+2	+8.31299E-2	+2.84189E-2	+3.32295E-2
+2.27500E+2	+9.16443E-2	+2.84790E-2	+3.34490E-2
+2.28000E+2	+8.25958E-2	+2.85070E-2	+3.36798E-2
+2.28500E+2	+8.96301E-2	+2.85787E-2	+3.39118E-2
+2.29000E+2	+8.61664E-2	+2.85658E-2	+3.40794E-2
+2.29500E+2	+8.56476E-2	+2.86565E-2	+3.42346E-2
+2.30000E+2	+8.73413E-2	+2.87110E-2	+3.44176E-2
+2.30500E+2	+8.56628E-2	+2.88128E-2	+3.46267E-2
+2.31000E+2	+8.59528E-2	+2.89260E-2	+3.48044E-2
+2.31500E+2	+8.87299E-2	+2.89904E-2	+3.50045E-2
+2.32000E+2	+9.05609E-2	+2.91097E-2	+3.51621E-2
+2.32500E+2	+8.79364E-2	+2.92108E-2	+3.53553E-2
+2.33000E+2	+8.75549E-2	+2.93584E-2	+3.55475E-2
+2.33500E+2	+8.72650E-2	+2.94555E-2	+3.57751E-2
+2.34000E+2	+9.05914E-2	+2.96038E-2	+3.59873E-2
+2.34500E+2	+8.92029E-2	+2.97202E-2	+3.62098E-2
+2.35000E+2	+8.66547E-2	+2.99228E-2	+3.64636E-2
+2.35500E+2	+9.03015E-2	+3.01112E-2	+3.67671E-2
+2.36000E+2	+8.89893E-2	+3.03672E-2	+3.71523E-2
+2.36500E+2	+9.33838E-2	+3.05749E-2	+3.75753E-2
+2.37000E+2	+9.21173E-2	+3.09049E-2	+3.80670E-2
+2.37500E+2	+1.02936E-1	+3.10832E-2	+3.83195E-2
+2.38000E+2	+9.03778E-2	+3.13278E-2	+3.86308E-2
+2.38500E+2	+9.21326E-2	+3.13924E-2	+3.88391E-2
+2.39000E+2	+9.00879E-2	+3.16024E-2	+3.91635E-2
+2.39500E+2	+9.09424E-2	+3.18173E-2	+3.94852E-2
+2.40000E+2	+8.99963E-2	+3.19917E-2	+3.97654E-2
+2.40500E+2	+8.94928E-2	+3.22031E-2	+4.00613E-2
+2.41000E+2	+9.04083E-2	+3.23661E-2	+4.03315E-2
+2.41500E+2	+9.34143E-2	+3.25198E-2	+4.05970E-2
+2.42000E+2	+9.10492E-2	+3.26482E-2	+4.08176E-2
+2.42500E+2	+9.56726E-2	+3.27561E-2	+4.10622E-2
+2.43000E+2	+9.65424E-2	+3.29471E-2	+4.12950E-2
+2.43500E+2	+9.81750E-2	+3.31254E-2	+4.15731E-2
+2.44000E+2	+9.38873E-2	+3.32522E-2	+4.17984E-2
+2.44500E+2	+9.63135E-2	+3.33753E-2	+4.20151E-2
+2.45000E+2	+9.38873E-2	+3.35912E-2	+4.22763E-2
+2.45500E+2	+9.32312E-2	+3.37166E-2	+4.24642E-2
+2.46000E+2	+9.38721E-2	+3.38873E-2	+4.27546E-2
+2.46500E+2	+9.30176E-2	+3.40662E-2	+4.30697E-2
+2.47000E+2	+9.82056E-2	+3.42669E-2	+4.33684E-2
+2.47500E+2	+9.47876E-2	+3.44173E-2	+4.36010E-2
+2.48000E+2	+9.66644E-2	+3.45443E-2	+4.38298E-2
+2.48500E+2	+9.99298E-2	+3.47293E-2	+4.40846E-2
+2.49000E+2	+9.64508E-2	+3.49763E-2	+4.44565E-2
+2.49500E+2	+9.62219E-2	+3.51750E-2	+4.47630E-2
+2.50000E+2	+9.79462E-2	+3.54682E-2	+4.52173E-2
+2.50500E+2	+9.58557E-2	+3.56924E-2	+4.55709E-2
+2.51000E+2	+1.03027E-1	+3.60513E-2	+4.61011E-2
+2.51500E+2	+1.02768E-1	+3.63906E-2	+4.65928E-2
+2.52000E+2	+9.97467E-2	+3.67156E-2	+4.71339E-2
+2.52500E+2	+9.57794E-2	+3.70701E-2	+4.76914E-2
+2.53000E+2	+9.76715E-2	+3.74524E-2	+4.82592E-2
+2.53500E+2	+1.05850E-1	+3.78330E-2	+4.88447E-2
+2.54000E+2	+1.06262E-1	+3.82274E-2	+4.94543E-2
+2.54500E+2	+9.86023E-2	+3.85897E-2	+5.00199E-2
+2.55000E+2	+1.05911E-1	+3.89618E-2	+5.06133E-2
+2.55500E+2	+1.00708E-1	+3.94020E-2	+5.12509E-2
+2.56000E+2	+1.01654E-1	+3.97639E-2	+5.18510E-2
+2.56500E+2	+1.01547E-1	+4.01286E-2	+5.23787E-2
+2.57000E+2	+1.03867E-1	+4.04986E-2	+5.29055E-2
+2.57500E+2	+1.06293E-1	+4.07596E-2	+5.33152E-2
+2.58000E+2	+1.09863E-1	+4.10276E-2	+5.36657E-2
+2.58500E+2	+1.08047E-1	+4.11801E-2	+5.39393E-2
+2.59000E+2	+1.06644E-1	+4.14235E-2	+5.42672E-2
+2.59500E+2	+1.08398E-1	+4.16685E-2	+5.46714E-2
+2.60000E+2	+1.04874E-1	+4.19622E-2	+5.51026E-2
+2.60500E+2	+1.06705E-1	+4.22320E-2	+5.55227E-2
+2.61000E+2	+1.01547E-1	+4.26017E-2	+5.60543E-2
+2.61500E+2	+1.07468E-1	+4.29273E-2	+5.65346E-2
+2.62000E+2	+1.05896E-1	+4.33196E-2	+5.70922E-2
+2.62500E+2	+1.07773E-1	+4.37105E-2	+5.76897E-2
+2.63000E+2	+1.09497E-1	+4.40515E-2	+5.82120E-2
+2.63500E+2	+1.10138E-1	+4.45271E-2	+5.89228E-2
+2.64000E+2	+1.14502E-1	+4.49999E-2	+5.95582E-2
+2.64500E+2	+1.14410E-1	+4.55236E-2	+6.03311E-2
+2.65000E+2	+1.13693E-1	+4.59086E-2	+6.08944E-2
+2.65500E+2	+1.18134E-1	+4.63207E-2	+6.15210E-2
+2.66000E+2	+1.16623E-1	+4.67606E-2	+6.21188E-2
+2.66500E+2	+1.16867E-1	+4.71145E-2	+6.26083E-2
+2.67000E+2	+1.06323E-1	+4.74913E-2	+6.31196E-2
+2.67500E+2	+1.16119E-1	+4.79055E-2	+6.37523E-2
+2.68000E+2	+1.19125E-1	+4.85133E-2	+6.45355E-2
+2.68500E+2	+1.17004E-1	+4.90405E-2	+6.52721E-2
+2.69000E+2	+1.20071E-1	+4.96624E-2	+6.61342E-2
+2.69500E+2	+1.20865E-1	+5.03058E-2	+6.69689E-2
+2.70000E+2	+1.19461E-1	+5.09077E-2	+6.77627E-2
+2.70500E+2	+1.21277E-1	+5.14968E-2	+6.84976E-2
+2.71000E+2	+1.24680E-1	+5.19969E-2	+6.91219E-2
+2.71500E+2	+1.25870E-1	+5.25820E-2	+6.98016E-2
+2.72000E+2	+1.27136E-1	+5.32548E-2	+7.05787E-2
+2.72500E+2	+1.24878E-1	+5.39818E-2	+7.14487E-2
+2.73000E+2	+1.27258E-1	+5.48091E-2	+7.24061E-2
+2.73500E+2	+1.36688E-1	+5.55273E-2	+7.32724E-2
+2.74000E+2	+1.33102E-1	+5.62214E-2	+7.41319E-2
+2.74500E+2	+1.34399E-1	+5.68018E-2	+7.49349E-2
+2.75000E+2	+1.33148E-1	+5.73799E-2	+7.59005E-2
+2.75500E+2	+1.28571E-1	+5.78941E-2	+7.67555E-2
+2.76000E+2	+1.29730E-1	+5.83562E-2	+7.76737E-2
+2.76500E+2	+1.32935E-1	+5.88355E-2	+7.86281E-2
+2.77000E+2	+1.34735E-1	+5.92848E-2	+7.95264E-2
+2.77500E+2	+1.35162E-1	+5.98419E-2	+8.06105E-2
+2.78000E+2	+1.30905E-1	+6.04884E-2	+8.17073E-2
+2.78500E+2	+1.32996E-1	+6.11836E-2	+8.29274E-2
+2.79000E+2	+1.39328E-1	+6.19811E-2	+8.42357E-2
+2.79500E+2	+1.40778E-1	+6.27965E-2	+8.54968E-2
+2.80000E+2	+1.40945E-1	+6.36534E-2	+8.68788E-2
+2.80500E+2	+1.40594E-1	+6.44858E-2	+8.81499E-2
+2.81000E+2	+1.43463E-1	+6.53556E-2	+8.95031E-2
+2.81500E+2	+1.40076E-1	+6.63127E-2	+9.09295E-2
+2.82000E+2	+1.45615E-1	+6.72595E-2	+9.24089E-2
+2.82500E+2	+1.44135E-1	+6.83421E-2	+9.39629E-2
+2.83000E+2	+1.48178E-1	+6.94010E-2	+9.55290E-2
+2.83500E+2	+1.49002E-1	+7.05695E-2	+9.72735E-2
+2.84000E+2	+1.52634E-1	+7.17386E-2	+9.89834E-2
+2.84500E+2	+1.48972E-1	+7.29574E-2	+1.00714E-1
+2.85000E+2	+1.50986E-1	+7.42932E-2	+1.02702E-1
+2.85500E+2	+1.49017E-1	+7.55384E-2	+1.04491E-1
+2.86000E+2	+1.58386E-1	+7.68865E-2	+1.06470E-1
+2.86500E+2	+1.54984E-1	+7.81954E-2	+1.08327E-1
+2.87000E+2	+1.63422E-1	+7.94722E-2	+1.10238E-1
+2.87500E+2	+1.67999E-1	+8.07193E-2	+1.11967E-1
+2.88000E+2	+1.63239E-1	+8.20358E-2	+1.13947E-1
+2.88500E+2	+1.72180E-1	+8.35879E-2	+1.16137E-1
+2.89000E+2	+1.74667E-1	+8.53034E-2	+1.18632E-1
+2.89500E+2	+1.68930E-1	+8.73779E-2	+1.21601E-1
+2.90000E+2	+1.75903E-1	+8.97403E-2	+1.25030E-1
+2.90500E+2	+1.79550E-1	+9.21420E-2	+1.28437E-1
+2.91000E+2	+1.78909E-1	+9.46850E-2	+1.32113E-1
+2.91500E+2	+1.84952E-1	+9.72930E-2	+1.35789E-1
+2.92000E+2	+1.83884E-1	+9.98886E-2	+1.39553E-1
+2.92500E+2	+1.96198E-1	+1.02592E-1	+1.43423E-1
+2.93000E+2	+1.93146E-1	+1.05366E-1	+1.47367E-1
+2.93500E+2	+1.97769E-1	+1.07949E-1	+1.51104E-1
+2.94000E+2	+2.07504E-1	+1.10406E-1	+1.54550E-1
+2.94500E+2	+2.11121E-1	+1.12567E-1	+1.57695E-1
+2.95000E+2	+2.10098E-1	+1.14821E-1	+1.60893E-1
+2.95500E+2	+2.20200E-1	+1.17506E-1	+1.64742E-1
+2.96000E+2	+2.22366E-1	+1.20770E-1	+1.69359E-1
+2.96500E+2	+2.19879E-1	+1.23827E-1	+1.73714E-1
+2.97000E+2	+2.23938E-1	+1.26619E-1	+1.77709E-1
+2.97500E+2	+2.27203E-1	+1.29118E-1	+1.81226E-1
+2.98000E+2	+2.35046E-1	+1.31729E-1	+1.84997E-1
+2.98500E+2	+2.37640E-1	+1.34911E-1	+1.89492E-1
+2.99000E+2	+2.50519E-1	+1.38937E-1	+1.95249E-1
+2.99500E+2	+2.52106E-1	+1.43671E-1	+2.01995E-1
+3.00000E+2	+2.63123E-1	+1.48827E-1	+2.09304E-1
+3.00500E+2	+2.70264E-1	+1.54679E-1	+2.17600E-1
+3.01000E+2	+2.79190E-1	+1.61188E-1	+2.26856E-1
+3.01500E+2	+2.88376E-1	+1.68282E-1	+2.36914E-1
+3.02000E+2	+2.94312E-1	+1.75707E-1	+2.47351E-1
+3.02500E+2	+3.07068E-1	+1.83473E-1	+2.58468E-1
+3.03000E+2	+3.16330E-1	+1.91421E-1	+2.69678E-1
+3.03500E+2	+3.32962E-1	+1.99676E-1	+2.81417E-1
+3.04000E+2	+3.36807E-1	+2.07769E-1	+2.92902E-1
+3.04500E+2	+3.47763E-1	+2.15337E-1	+3.03566E-1
+3.05000E+2	+3.65341E-1	+2.22243E-1	+3.13352E-1
+3.05500E+2	+3.75580E-1	+2.28562E-1	+3.22286E-1
+3.06000E+2	+3.82767E-1	+2.34871E-1	+3.31189E-1
+3.06500E+2	+3.89420E-1	+2.40955E-1	+3.39800E-1
+3.07000E+2	+3.93799E-1	+2.45610E-1	+3.46393E-1
+3.07500E+2	+4.02664E-1	+2.48910E-1	+3.50824E-1
+3.08000E+2	+4.08356E-1	+2.51143E-1	+3.54285E-1
+3.08500E+2	+4.08768E-1	+2.51893E-1	+3.55410E-1
+3.09000E+2	+4.07059E-1	+2.50648E-1	+3.53657E-1
+3.09500E+2	+3.97064E-1	+2.46849E-1	+3.48175E-1
+3.10000E+2	+3.85513E-1	+2.40898E-1	+3.39922E-1
+3.10500E+2	+3.77838E-1	+2.33788E-1	+3.29821E-1
+3.11000E+2	+3.65906E-1	+2.26572E-1	+3.19605E-1
+3.11500E+2	+3.51776E-1	+2.19585E-1	+3.09689E-1
+3.12000E+2	+3.50067E-1	+2.13056E-1	+3.00429E-1
+3.12500E+2	+3.43964E-1	+2.06902E-1	+2.91725E-1
+3.13000E+2	+3.35114E-1	+2.01211E-1	+2.83692E-1
+3.13500E+2	+3.17810E-1	+1.95737E-1	+2.75828E-1
+3.14000E+2	+3.15552E-1	+1.90301E-1	+2.68231E-1
+3.14500E+2	+3.07205E-1	+1.84664E-1	+2.60138E-1
+3.15000E+2	+2.99347E-1	+1.78799E-1	+2.51881E-1
+3.15500E+2	+2.90024E-1	+1.72695E-1	+2.43049E-1
+3.16000E+2	+2.84821E-1	+1.66328E-1	+2.34205E-1
+3.16500E+2	+2.71347E-1	+1.59953E-1	+2.25068E-1
+3.17000E+2	+2.71255E-1	+1.53609E-1	+2.16086E-1
+3.17500E+2	+2.51419E-1	+1.47576E-1	+2.07536E-1
+3.18000E+2	+2.44995E-1	+1.41963E-1	+1.99516E-1
+3.18500E+2	+2.37747E-1	+1.36739E-1	+1.92103E-1
+3.19000E+2	+2.31430E-1	+1.32128E-1	+1.85507E-1
+3.19500E+2	+2.23816E-1	+1.28124E-1	+1.79811E-1
+3.20000E+2	+2.26105E-1	+1.24565E-1	+1.74771E-1
+3.20500E+2	+2.18643E-1	+1.21454E-1	+1.70240E-1
+3.21000E+2	+2.16919E-1	+1.18739E-1	+1.66464E-1
+3.21500E+2	+2.16461E-1	+1.16449E-1	+1.63160E-1
+3.22000E+2	+2.17392E-1	+1.14353E-1	+1.60211E-1
+3.22500E+2	+2.10724E-1	+1.12294E-1	+1.57271E-1
+3.23000E+2	+2.01767E-1	+1.10076E-1	+1.54012E-1
+3.23500E+2	+2.01080E-1	+1.07702E-1	+1.50734E-1
+3.24000E+2	+1.93680E-1	+1.05061E-1	+1.46916E-1
+3.24500E+2	+1.93588E-1	+1.02275E-1	+1.42960E-1
+3.25000E+2	+1.86722E-1	+9.92943E-2	+1.38670E-1
+3.25500E+2	+1.84433E-1	+9.63910E-2	+1.34493E-1
+3.26000E+2	+1.77155E-1	+9.35442E-2	+1.30432E-1
+3.26500E+2	+1.77933E-1	+9.07197E-2	+1.26420E-1
+3.27000E+2	+1.67877E-1	+8.79866E-2	+1.22449E-1
+3.27500E+2	+1.67511E-1	+8.53395E-2	+1.18657E-1
+3.28000E+2	+1.69144E-1	+8.28191E-2	+1.15050E-1
+3.28500E+2	+1.65802E-1	+8.03781E-2	+1.11501E-1
+3.29000E+2	+1.56952E-1	+7.80291E-2	+1.08153E-1
+3.29500E+2	+1.53778E-1	+7.58599E-2	+1.05014E-1
+3.30000E+2	+1.51520E-1	+7.38985E-2	+1.02189E-1
+3.30500E+2	+1.51138E-1	+7.21164E-2	+9.95858E-2
+3.31000E+2	+1.51352E-1	+7.03440E-2	+9.70358E-2
+3.31500E+2	+1.50162E-1	+6.88412E-2	+9.47309E-2
+3.32000E+2	+1.38031E-1	+6.71243E-2	+9.23852E-2
+3.32500E+2	+1.39694E-1	+6.53292E-2	+8.97744E-2
+3.33000E+2	+1.37451E-1	+6.36160E-2	+8.72664E-2
+3.33500E+2	+1.35544E-1	+6.20531E-2	+8.49846E-2
+3.34000E+2	+1.30508E-1	+6.06749E-2	+8.29766E-2
+3.34500E+2	+1.31561E-1	+5.93452E-2	+8.10410E-2
+3.35000E+2	+1.32828E-1	+5.81594E-2	+7.92970E-2
+3.35500E+2	+1.26480E-1	+5.69835E-2	+7.76038E-2
+3.36000E+2	+1.27502E-1	+5.58972E-2	+7.59946E-2
+3.36500E+2	+1.22360E-1	+5.49242E-2	+7.45625E-2
+3.37000E+2	+1.23123E-1	+5.39109E-2	+7.30532E-2
+3.37500E+2	+1.21292E-1	+5.29564E-2	+7.16851E-2
+3.38000E+2	+1.25458E-1	+5.20671E-2	+7.03493E-2
+3.38500E+2	+1.21674E-1	+5.12512E-2	+6.91607E-2
+3.39000E+2	+1.16486E-1	+5.04943E-2	+6.80416E-2
+3.39500E+2	+1.20071E-1	+4.98145E-2	+6.70045E-2
+3.40000E+2	+1.13419E-1	+4.90720E-2	+6.59302E-2
+3.40500E+2	+1.19507E-1	+4.83608E-2	+6.48457E-2
+3.41000E+2	+1.14380E-1	+4.75975E-2	+6.37249E-2
+3.41500E+2	+1.10977E-1	+4.68208E-2	+6.25086E-2
+3.42000E+2	+1.08841E-1	+4.58876E-2	+6.11666E-2
+3.42500E+2	+1.08368E-1	+4.49891E-2	+5.99223E-2
+3.43000E+2	+1.10184E-1	+4.42490E-2	+5.86980E-2
+3.43500E+2	+1.03745E-1	+4.35842E-2	+5.77085E-2
+3.44000E+2	+1.03821E-1	+4.29633E-2	+5.67910E-2
+3.44500E+2	+1.08963E-1	+4.23961E-2	+5.59099E-2
+3.45000E+2	+1.08200E-1	+4.18882E-2	+5.51648E-2
+3.45500E+2	+1.03287E-1	+4.14661E-2	+5.44778E-2
+3.46000E+2	+1.00555E-1	+4.09709E-2	+5.37995E-2
+3.46500E+2	+1.08246E-1	+4.05914E-2	+5.31658E-2
+3.47000E+2	+1.00937E-1	+4.01801E-2	+5.25499E-2
+3.47500E+2	+1.04218E-1	+3.97665E-2	+5.19215E-2
+3.48000E+2	+1.04538E-1	+3.93598E-2	+5.13240E-2
+3.48500E+2	+1.03287E-1	+3.90121E-2	+5.07692E-2
+3.49000E+2	+9.91364E-2	+3.86587E-2	+5.02149E-2
+3.49500E+2	+1.02921E-1	+3.82777E-2	+4.96549E-2
+3.50000E+2	+1.03027E-1	+3.78859E-2	+4.90468E-2
+3.50500E+2	+1.00494E-1	+3.75322E-2	+4.85328E-2
+3.51000E+2	+1.03180E-1	+3.72135E-2	+4.80149E-2
+3.51500E+2	+9.67560E-2	+3.68458E-2	+4.73933E-2
+3.52000E+2	+1.01318E-1	+3.65000E-2	+4.69321E-2
+3.52500E+2	+1.00281E-1	+3.61717E-2	+4.63932E-2
+3.53000E+2	+9.80072E-2	+3.58106E-2	+4.58503E-2
+3.53500E+2	+9.85565E-2	+3.55065E-2	+4.53566E-2
+3.54000E+2	+9.38110E-2	+3.51293E-2	+4.48390E-2
+3.54500E+2	+9.66187E-2	+3.48106E-2	+4.42972E-2
+3.55000E+2	+9.48334E-2	+3.44673E-2	+4.37513E-2
+3.55500E+2	+8.96149E-2	+3.40522E-2	+4.31092E-2
+3.56000E+2	+8.77686E-2	+3.39112E-2	+4.28921E-2
+3.56500E+2	+8.36639E-2	+3.34557E-2	+4.21877E-2
+3.57000E+2	+9.23004E-2	+3.30784E-2	+4.15417E-2
+3.57500E+2	+9.28955E-2	+3.27926E-2	+4.11197E-2
+3.58000E+2	+8.92639E-2	+3.24635E-2	+4.06409E-2
+3.58500E+2	+9.25751E-2	+3.21879E-2	+4.01705E-2
+3.59000E+2	+9.09119E-2	+3.18788E-2	+3.96698E-2
+3.59500E+2	+9.13849E-2	+3.15157E-2	+3.90266E-2
+3.60000E+2	+9.13544E-2	+3.12086E-2	+3.85620E-2
+3.60500E+2	+8.97064E-2	+3.09473E-2	+3.80542E-2
+3.61000E+2	+8.89435E-2	+3.06765E-2	+3.75713E-2
+3.61500E+2	+9.26666E-2	+3.03882E-2	+3.70521E-2
+3.62000E+2	+8.97980E-2	+3.00715E-2	+3.64440E-2
+3.62500E+2	+8.63953E-2	+2.97260E-2	+3.57532E-2
+3.63000E+2	+8.58459E-2	+2.92063E-2	+3.48991E-2
+3.63500E+2	+8.74481E-2	+2.85634E-2	+3.38030E-2
+3.64000E+2	+8.44421E-2	+2.77755E-2	+3.25679E-2
+3.64500E+2	+8.18939E-2	+2.70098E-2	+3.12877E-2
+3.65000E+2	+7.95288E-2	+2.61800E-2	+2.99173E-2
+3.65500E+2	+8.22906E-2	+2.53469E-2	+2.84587E-2
+3.66000E+2	+7.86591E-2	+2.44208E-2	+2.68290E-2
+3.66500E+2	+8.11768E-2	+2.34345E-2	+2.50378E-2
+3.67000E+2	+7.66907E-2	+2.22764E-2	+2.29886E-2
+3.67500E+2	+7.58972E-2	+2.10310E-2	+2.08524E-2
+3.68000E+2	+6.82678E-2	+2.01177E-2	+1.85401E-2
+3.68500E+2	+7.02057E-2	+1.90151E-2	+1.61170E-2
+3.69000E+2	+6.73981E-2	+1.80349E-2	+1.36820E-2
+3.69500E+2	+6.51398E-2	+1.71937E-2	+1.12929E-2
+3.70000E+2	+6.48804E-2	+1.65421E-2	+9.12562E-3
+3.70500E+2	+6.12946E-2	+1.61594E-2	+7.42428E-3
+3.71000E+2	+6.11725E-2	+1.58889E-2	+6.29636E-3
+3.71500E+2	+6.21643E-2	+1.58232E-2	+6.01018E-3
+3.72000E+2	+6.25458E-2	+1.59126E-2	+6.40300E-3
+3.72500E+2	+6.33392E-2	+1.60317E-2	+7.05854E-3
+3.73000E+2	+6.52313E-2	+1.62237E-2	+7.85769E-3
+3.73500E+2	+6.48346E-2	+1.63850E-2	+8.66755E-3
+3.74000E+2	+6.67725E-2	+1.65863E-2	+9.38166E-3
+3.74500E+2	+6.51093E-2	+1.67725E-2	+1.00207E-2
+3.75000E+2	+6.39191E-2	+1.69264E-2	+1.05611E-2
+3.75500E+2	+6.27136E-2	+1.70486E-2	+1.10031E-2
+3.76000E+2	+6.31256E-2	+1.71877E-2	+1.13261E-2
+3.76500E+2	+6.46210E-2	+1.73052E-2	+1.15440E-2
+3.77000E+2	+6.34155E-2	+1.74182E-2	+1.18001E-2
+3.77500E+2	+6.76880E-2	+1.74814E-2	+1.20078E-2
+3.78000E+2	+6.75964E-2	+1.77068E-2	+1.22155E-2
+3.78500E+2	+6.67419E-2	+1.77951E-2	+1.24908E-2
+3.79000E+2	+6.56586E-2	+1.79353E-2	+1.27631E-2
+3.79500E+2	+6.96259E-2	+1.81340E-2	+1.30429E-2
+3.80000E+2	+7.07245E-2	+1.82682E-2	+1.32617E-2
+3.80500E+2	+6.75812E-2	+1.83379E-2	+1.33871E-2
+3.81000E+2	+6.65588E-2	+1.83315E-2	+1.33220E-2
+3.81500E+2	+7.16705E-2	+1.83700E-2	+1.32865E-2
+3.82000E+2	+7.25403E-2	+1.84083E-2	+1.33755E-2
+3.82500E+2	+6.96869E-2	+1.85685E-2	+1.36883E-2
+3.83000E+2	+6.76270E-2	+1.87768E-2	+1.41329E-2
+3.83500E+2	+6.56433E-2	+1.89389E-2	+1.44960E-2
+3.84000E+2	+7.04956E-2	+1.90505E-2	+1.46890E-2
+3.84500E+2	+6.96259E-2	+1.91726E-2	+1.49405E-2
+3.85000E+2	+7.01599E-2	+1.92816E-2	+1.51384E-2
+3.85500E+2	+7.13654E-2	+1.93806E-2	+1.52533E-2
+3.86000E+2	+7.12128E-2	+1.94723E-2	+1.53640E-2
+3.86500E+2	+6.97479E-2	+1.94737E-2	+1.52715E-2
+3.87000E+2	+7.22351E-2	+1.93298E-2	+1.48461E-2
+3.87500E+2	+6.88019E-2	+1.91612E-2	+1.42420E-2
+3.88000E+2	+6.69250E-2	+1.90630E-2	+1.38765E-2
+3.88500E+2	+7.10144E-2	+1.91170E-2	+1.35781E-2
+3.89000E+2	+6.92291E-2	+1.90049E-2	+1.33902E-2
+3.89500E+2	+7.17468E-2	+1.89979E-2	+1.33293E-2
+3.90000E+2	+7.09534E-2	+1.89031E-2	+1.32904E-2
+3.90500E+2	+7.15790E-2	+1.88831E-2	+1.32641E-2
+3.91000E+2	+6.80084E-2	+1.87575E-2	+1.31989E-2
+3.91500E+2	+6.95190E-2	+1.85657E-2	+1.29939E-2
+3.92000E+2	+6.95496E-2	+1.83661E-2	+1.27946E-2
+3.92500E+2	+6.79169E-2	+1.79761E-2	+1.25216E-2
+3.93000E+2	+6.35681E-2	+1.79106E-2	+1.22119E-2
+3.93500E+2	+6.76117E-2	+1.77210E-2	+1.18971E-2
+3.94000E+2	+6.87561E-2	+1.75912E-2	+1.16199E-2
+3.94500E+2	+6.25458E-2	+1.75777E-2	+1.16582E-2
+3.95000E+2	+6.67572E-2	+1.76639E-2	+1.20399E-2
+3.95500E+2	+6.38123E-2	+1.78568E-2	+1.26685E-2
+3.96000E+2	+7.07550E-2	+1.81502E-2	+1.32763E-2
+3.96500E+2	+6.71539E-2	+1.83756E-2	+1.38219E-2
+3.97000E+2	+6.35986E-2	+1.85743E-2	+1.42978E-2
+3.97500E+2	+6.44989E-2	+1.86604E-2	+1.46457E-2
+3.98000E+2	+7.01447E-2	+1.87925E-2	+1.50374E-2
+3.98500E+2	+7.02972E-2	+1.88893E-2	+1.53649E-2
+3.99000E+2	+6.78253E-2	+1.91805E-2	+1.59072E-2
+3.99500E+2	+6.81610E-2	+1.93539E-2	+1.63375E-2
+4.00000E+2	+6.87866E-2	+1.95325E-2	+1.67938E-2
+4.00500E+2	+7.18384E-2	+1.97719E-2	+1.72171E-2
+4.01000E+2	+7.12585E-2	+1.99021E-2	+1.76168E-2
+4.01500E+2	+6.85883E-2	+2.01267E-2	+1.80290E-2
+4.02000E+2	+7.51648E-2	+2.01696E-2	+1.82688E-2
+4.02500E+2	+7.08771E-2	+2.02038E-2	+1.84010E-2
+4.03000E+2	+7.24792E-2	+2.02281E-2	+1.84730E-2
+4.03500E+2	+7.66449E-2	+2.02646E-2	+1.84540E-2
+4.04000E+2	+7.04041E-2	+2.01473E-2	+1.82454E-2
+4.04500E+2	+7.01599E-2	+1.99964E-2	+1.78417E-2
+4.05000E+2	+6.91986E-2	+1.97380E-2	+1.73534E-2
+4.05500E+2	+7.43713E-2	+1.95563E-2	+1.69429E-2
+4.06000E+2	+6.89392E-2	+1.94403E-2	+1.65792E-2
+4.06500E+2	+6.80389E-2	+1.93452E-2	+1.64159E-2
+4.07000E+2	+7.05719E-2	+1.93281E-2	+1.62900E-2
+4.07500E+2	+7.34406E-2	+1.92319E-2	+1.60365E-2
+4.08000E+2	+6.67725E-2	+1.90520E-2	+1.56177E-2
+4.08500E+2	+6.72607E-2	+1.88096E-2	+1.50995E-2
+4.09000E+2	+7.07550E-2	+1.86200E-2	+1.44756E-2
+4.09500E+2	+6.98090E-2	+1.83970E-2	+1.39180E-2
+4.10000E+2	+6.71692E-2	+1.82355E-2	+1.34424E-2
+4.10500E+2	+6.70929E-2	+1.80525E-2	+1.31346E-2
+4.11000E+2	+6.74438E-2	+1.80444E-2	+1.30224E-2
+4.11500E+2	+6.86493E-2	+1.81397E-2	+1.31592E-2
+4.12000E+2	+6.59332E-2	+1.81852E-2	+1.33768E-2
+4.12500E+2	+6.82831E-2	+1.82696E-2	+1.35516E-2
+4.13000E+2	+6.53229E-2	+1.82508E-2	+1.35873E-2
+4.13500E+2	+7.09229E-2	+1.82378E-2	+1.34256E-2
+4.14000E+2	+6.63605E-2	+1.81953E-2	+1.33586E-2
+4.14500E+2	+6.54602E-2	+1.81587E-2	+1.32592E-2
+4.15000E+2	+6.99615E-2	+1.82258E-2	+1.32774E-2
+4.15500E+2	+7.12738E-2	+1.82220E-2	+1.34351E-2
+4.16000E+2	+6.79779E-2	+1.82932E-2	+1.34256E-2
+4.16500E+2	+6.91071E-2	+1.83521E-2	+1.35139E-2
+4.17000E+2	+6.87714E-2	+1.83760E-2	+1.38086E-2
+4.17500E+2	+6.68793E-2	+1.85233E-2	+1.40705E-2
+4.18000E+2	+6.81000E-2	+1.86579E-2	+1.44112E-2
+4.18500E+2	+7.10144E-2	+1.88457E-2	+1.47923E-2
+4.19000E+2	+7.25098E-2	+1.89515E-2	+1.52176E-2
+4.19500E+2	+6.81763E-2	+1.90510E-2	+1.54740E-2
+4.20000E+2	+7.16553E-2	+1.92487E-2	+1.59231E-2
+4.20500E+2	+7.12891E-2	+1.94376E-2	+1.64453E-2
+4.21000E+2	+6.81305E-2	+1.98028E-2	+1.71145E-2
+4.21500E+2	+6.89087E-2	+2.01687E-2	+1.78787E-2
+4.22000E+2	+7.59277E-2	+2.06483E-2	+1.90207E-2
+4.22500E+2	+7.31201E-2	+2.13195E-2	+2.04702E-2
+4.23000E+2	+7.56683E-2	+2.20690E-2	+2.19587E-2
+4.23500E+2	+7.45850E-2	+2.28566E-2	+2.34644E-2
+4.24000E+2	+7.94525E-2	+2.33901E-2	+2.46006E-2
+4.24500E+2	+7.24945E-2	+2.37425E-2	+2.52128E-2
+4.25000E+2	+7.69043E-2	+2.39055E-2	+2.55306E-2
+4.25500E+2	+7.55463E-2	+2.40470E-2	+2.57810E-2
+4.26000E+2	+7.82623E-2	+2.43126E-2	+2.63006E-2
+4.26500E+2	+8.07190E-2	+2.46399E-2	+2.69036E-2
+4.27000E+2	+8.13293E-2	+2.50796E-2	+2.78085E-2
+4.27500E+2	+8.51135E-2	+2.56890E-2	+2.89547E-2
+4.28000E+2	+8.08868E-2	+2.62616E-2	+3.00857E-2
+4.28500E+2	+8.72803E-2	+2.68288E-2	+3.10939E-2
+4.29000E+2	+8.60138E-2	+2.74037E-2	+3.21617E-2
+4.29500E+2	+8.86383E-2	+2.80047E-2	+3.32016E-2
+4.30000E+2	+8.67310E-2	+2.85994E-2	+3.42326E-2
+4.30500E+2	+8.94928E-2	+2.92196E-2	+3.52809E-2
+4.31000E+2	+8.74023E-2	+2.99437E-2	+3.64701E-2
+4.31500E+2	+9.13696E-2	+3.08316E-2	+3.79778E-2
+4.32000E+2	+9.39941E-2	+3.20081E-2	+3.98528E-2
+4.32500E+2	+9.37805E-2	+3.31940E-2	+4.17249E-2
+4.33000E+2	+9.66797E-2	+3.43055E-2	+4.34979E-2
+4.33500E+2	+9.87244E-2	+3.51948E-2	+4.49165E-2
+4.34000E+2	+1.03821E-1	+3.61915E-2	+4.64723E-2
+4.34500E+2	+1.07208E-1	+3.73770E-2	+4.82727E-2
+4.35000E+2	+9.85260E-2	+3.86725E-2	+5.02784E-2
+4.35500E+2	+1.01639E-1	+4.01289E-2	+5.24934E-2
+4.36000E+2	+1.06491E-1	+4.16398E-2	+5.47823E-2
+4.36500E+2	+1.08536E-1	+4.32051E-2	+5.71869E-2
+4.37000E+2	+1.10901E-1	+4.49052E-2	+5.96967E-2
+4.37500E+2	+1.15295E-1	+4.67722E-2	+6.24998E-2
+4.38000E+2	+1.15509E-1	+4.87734E-2	+6.55108E-2
+4.38500E+2	+1.17554E-1	+5.08539E-2	+6.85975E-2
+4.39000E+2	+1.23459E-1	+5.31219E-2	+7.19250E-2
+4.39500E+2	+1.24237E-1	+5.55005E-2	+7.54200E-2
+4.40000E+2	+1.31287E-1	+5.80077E-2	+7.91254E-2
+4.40500E+2	+1.34567E-1	+6.05341E-2	+8.27618E-2
+4.41000E+2	+1.38580E-1	+6.31508E-2	+8.65846E-2
+4.41500E+2	+1.40747E-1	+6.61847E-2	+9.10542E-2
+4.42000E+2	+1.45859E-1	+6.97861E-2	+9.61868E-2
+4.42500E+2	+1.50314E-1	+7.36560E-2	+1.01908E-1
+4.43000E+2	+1.58432E-1	+7.78830E-2	+1.07917E-1
+4.43500E+2	+1.63788E-1	+8.23528E-2	+1.14414E-1
+4.44000E+2	+1.72592E-1	+8.71681E-2	+1.21277E-1
+4.44500E+2	+1.72852E-1	+9.22889E-2	+1.28673E-1
+4.45000E+2	+1.80939E-1	+9.81732E-2	+1.37073E-1
+4.45500E+2	+1.95389E-1	+1.04247E-1	+1.45803E-1
+4.46000E+2	+2.09061E-1	+1.11129E-1	+1.55657E-1
+4.46500E+2	+2.14081E-1	+1.18642E-1	+1.66332E-1
+4.47000E+2	+2.27615E-1	+1.27142E-1	+1.78392E-1
+4.47500E+2	+2.40845E-1	+1.36240E-1	+1.91389E-1
+4.48000E+2	+2.54578E-1	+1.46365E-1	+2.05842E-1
+4.48500E+2	+2.68951E-1	+1.57157E-1	+2.21162E-1
+4.49000E+2	+2.89185E-1	+1.69338E-1	+2.38404E-1
+4.49500E+2	+3.10532E-1	+1.82959E-1	+2.57838E-1
+4.50000E+2	+3.27057E-1	+1.97450E-1	+2.78386E-1
+4.50500E+2	+3.64685E-1	+2.14529E-1	+3.02113E-1
+4.51000E+2	+3.72421E-1	+2.27518E-1	+3.20213E-1
+4.51500E+2	+3.89740E-1	+2.42109E-1	+3.41512E-1
+4.52000E+2	+4.10980E-1	+2.55440E-1	+3.60573E-1
+4.52500E+2	+4.25934E-1	+2.68380E-1	+3.78586E-1
+4.53000E+2	+4.44763E-1	+2.80762E-1	+3.96429E-1
+4.53500E+2	+4.62372E-1	+2.92837E-1	+4.13114E-1
+4.54000E+2	+4.72855E-1	+3.02994E-1	+4.27911E-1
+4.54500E+2	+4.85596E-1	+3.11140E-1	+4.39227E-1
+4.55000E+2	+4.93866E-1	+3.15228E-1	+4.45070E-1
+4.55500E+2	+4.87869E-1	+3.15612E-1	+4.45404E-1
+4.56000E+2	+4.97253E-1	+3.12486E-1	+4.41337E-1
+4.56500E+2	+4.81476E-1	+3.06925E-1	+4.32985E-1
+4.57000E+2	+4.73190E-1	+2.99288E-1	+4.22635E-1
+4.57500E+2	+4.59473E-1	+2.90268E-1	+4.09714E-1
+4.58000E+2	+4.40933E-1	+2.80334E-1	+3.95728E-1
+4.58500E+2	+4.37897E-1	+2.70264E-1	+3.81334E-1
+4.59000E+2	+4.16382E-1	+2.60875E-1	+3.68234E-1
+4.59500E+2	+3.98880E-1	+2.51675E-1	+3.55210E-1
+4.60000E+2	+3.91190E-1	+2.43174E-1	+3.43143E-1
+4.60500E+2	+3.78128E-1	+2.35739E-1	+3.32596E-1
+4.61000E+2	+3.66821E-1	+2.29365E-1	+3.23556E-1
+4.61500E+2	+3.59497E-1	+2.23237E-1	+3.14681E-1
+4.62000E+2	+3.53424E-1	+2.17547E-1	+3.06777E-1
+4.62500E+2	+3.41476E-1	+2.11892E-1	+2.98714E-1
+4.63000E+2	+3.35114E-1	+2.07016E-1	+2.91476E-1
+4.63500E+2	+3.31940E-1	+2.02736E-1	+2.85775E-1
+4.64000E+2	+3.32596E-1	+1.98822E-1	+2.80097E-1
+4.64500E+2	+3.26050E-1	+1.95186E-1	+2.74997E-1
+4.65000E+2	+3.15079E-1	+1.91962E-1	+2.70107E-1
+4.65500E+2	+3.09692E-1	+1.88752E-1	+2.65951E-1
+4.66000E+2	+3.05313E-1	+1.85322E-1	+2.60951E-1
+4.66500E+2	+3.00278E-1	+1.81714E-1	+2.55949E-1
+4.67000E+2	+3.00003E-1	+1.78438E-1	+2.51004E-1
+4.67500E+2	+3.00201E-1	+1.76224E-1	+2.48217E-1
+4.68000E+2	+2.91748E-1	+1.74878E-1	+2.46185E-1
+4.68500E+2	+2.93243E-1	+1.73407E-1	+2.44201E-1
+4.69000E+2	+2.91031E-1	+1.71498E-1	+2.41226E-1
+4.69500E+2	+2.84134E-1	+1.69343E-1	+2.38374E-1
+4.70000E+2	+2.81555E-1	+1.67150E-1	+2.35188E-1
+4.70500E+2	+2.86942E-1	+1.64908E-1	+2.32004E-1
+4.71000E+2	+2.76474E-1	+1.62650E-1	+2.28943E-1
+4.71500E+2	+2.78137E-1	+1.60487E-1	+2.25820E-1
+4.72000E+2	+2.64633E-1	+1.57951E-1	+2.22282E-1
+4.72500E+2	+2.68127E-1	+1.55576E-1	+2.18846E-1
+4.73000E+2	+2.66937E-1	+1.53427E-1	+2.15772E-1
+4.73500E+2	+2.61719E-1	+1.51364E-1	+2.12902E-1
+4.74000E+2	+2.59003E-1	+1.49740E-1	+2.10559E-1
+4.74500E+2	+2.60406E-1	+1.48337E-1	+2.08563E-1
+4.75000E+2	+2.51099E-1	+1.46949E-1	+2.06570E-1
+4.75500E+2	+2.53006E-1	+1.45757E-1	+2.04853E-1
+4.76000E+2	+2.50214E-1	+1.44520E-1	+2.03072E-1
+4.76500E+2	+2.49344E-1	+1.43295E-1	+2.01330E-1
+4.77000E+2	+2.46414E-1	+1.42296E-1	+1.99837E-1
+4.77500E+2	+2.47635E-1	+1.41524E-1	+1.98687E-1
+4.78000E+2	+2.45438E-1	+1.39420E-1	+1.95763E-1
+4.78500E+2	+2.44934E-1	+1.39119E-1	+1.95222E-1
+4.79000E+2	+2.37991E-1	+1.37660E-1	+1.93220E-1
+4.79500E+2	+2.44186E-1	+1.36730E-1	+1.91859E-1
+4.80000E+2	+2.36420E-1	+1.36000E-1	+1.90808E-1
+4.80500E+2	+2.38403E-1	+1.35186E-1	+1.89568E-1
+4.81000E+2	+2.37595E-1	+1.34350E-1	+1.88462E-1
+4.81500E+2	+2.40341E-1	+1.33604E-1	+1.87385E-1
+4.82000E+2	+2.35031E-1	+1.33124E-1	+1.86755E-1
+4.82500E+2	+2.39685E-1	+1.32812E-1	+1.86322E-1
+4.83000E+2	+2.35992E-1	+1.32685E-1	+1.86034E-1
+4.83500E+2	+2.37564E-1	+1.32560E-1	+1.85892E-1
+4.84000E+2	+2.34634E-1	+1.32420E-1	+1.85725E-1
+4.84500E+2	+2.36282E-1	+1.32228E-1	+1.85487E-1
+4.85000E+2	+2.35931E-1	+1.32116E-1	+1.85251E-1
+4.85500E+2	+2.29538E-1	+1.31907E-1	+1.84984E-1
+4.86000E+2	+2.33398E-1	+1.31745E-1	+1.84777E-1
+4.86500E+2	+2.29599E-1	+1.31564E-1	+1.84436E-1
+4.87000E+2	+2.33444E-1	+1.31188E-1	+1.84076E-1
+4.87500E+2	+2.29477E-1	+1.30932E-1	+1.83632E-1
+4.88000E+2	+2.33093E-1	+1.30719E-1	+1.83423E-1
+4.88500E+2	+2.30698E-1	+1.30448E-1	+1.82893E-1
+4.89000E+2	+2.24777E-1	+1.30227E-1	+1.82734E-1
+4.89500E+2	+2.27722E-1	+1.30382E-1	+1.82961E-1
+4.90000E+2	+2.31232E-1	+1.30602E-1	+1.83259E-1
+4.90500E+2	+2.37717E-1	+1.30742E-1	+1.83470E-1
+4.91000E+2	+2.35306E-1	+1.30857E-1	+1.83397E-1
+4.91500E+2	+2.30576E-1	+1.30941E-1	+1.83750E-1
+4.92000E+2	+2.36130E-1	+1.30892E-1	+1.83651E-1
+4.92500E+2	+2.30347E-1	+1.30706E-1	+1.83360E-1
+4.93000E+2	+2.33459E-1	+1.30475E-1	+1.83046E-1
+4.93500E+2	+2.30728E-1	+1.30331E-1	+1.82781E-1
+4.94000E+2	+2.34558E-1	+1.30531E-1	+1.82965E-1
+4.94500E+2	+2.33185E-1	+1.30881E-1	+1.83676E-1
+4.95000E+2	+2.31430E-1	+1.31401E-1	+1.84333E-1
+4.95500E+2	+2.34970E-1	+1.31882E-1	+1.85066E-1
+4.96000E+2	+2.34039E-1	+1.32303E-1	+1.85346E-1
+4.96500E+2	+2.30225E-1	+1.32836E-1	+1.86443E-1
+4.97000E+2	+2.34924E-1	+1.33644E-1	+1.87494E-1
+4.97500E+2	+2.34894E-1	+1.34494E-1	+1.88797E-1
+4.98000E+2	+2.38785E-1	+1.35169E-1	+1.89662E-1
+4.98500E+2	+2.35291E-1	+1.35693E-1	+1.90533E-1
+4.99000E+2	+2.41562E-1	+1.35653E-1	+1.90353E-1
+4.99500E+2	+2.42218E-1	+1.35270E-1	+1.89756E-1
+5.00000E+2	+2.39044E-1	+1.34546E-1	+1.88801E-1
+5.00500E+2	+2.37411E-1	+1.33734E-1	+1.87531E-1
+5.01000E+2	+2.35306E-1	+1.33040E-1	+1.86760E-1
+5.01500E+2	+2.32407E-1	+1.32686E-1	+1.86158E-1
+5.02000E+2	+2.39700E-1	+1.32524E-1	+1.85716E-1
+5.02500E+2	+2.32300E-1	+1.32640E-1	+1.86194E-1
+5.03000E+2	+2.36877E-1	+1.32961E-1	+1.86662E-1
+5.03500E+2	+2.30530E-1	+1.33473E-1	+1.87384E-1
+5.04000E+2	+2.33719E-1	+1.34105E-1	+1.88272E-1
+5.04500E+2	+2.39227E-1	+1.34819E-1	+1.89303E-1
+5.05000E+2	+2.36832E-1	+1.35645E-1	+1.90488E-1
+5.05500E+2	+2.38022E-1	+1.36578E-1	+1.91701E-1
+5.06000E+2	+2.49283E-1	+1.37561E-1	+1.93194E-1
+5.06500E+2	+2.43942E-1	+1.38748E-1	+1.94804E-1
+5.07000E+2	+2.46735E-1	+1.39915E-1	+1.96548E-1
+5.07500E+2	+2.47665E-1	+1.40947E-1	+1.97857E-1
+5.08000E+2	+2.50900E-1	+1.41673E-1	+1.98920E-1
+5.08500E+2	+2.49619E-1	+1.42279E-1	+1.99838E-1
+5.09000E+2	+2.46933E-1	+1.42778E-1	+2.00615E-1
+5.09500E+2	+2.55020E-1	+1.43500E-1	+2.01468E-1
+5.10000E+2	+2.55905E-1	+1.44470E-1	+2.02957E-1
+5.10500E+2	+2.50458E-1	+1.45593E-1	+2.04561E-1
+5.11000E+2	+2.54837E-1	+1.46824E-1	+2.06320E-1
+5.11500E+2	+2.59720E-1	+1.48090E-1	+2.07897E-1
+5.12000E+2	+2.58636E-1	+1.49373E-1	+2.10026E-1
+5.12500E+2	+2.61536E-1	+1.50504E-1	+2.11341E-1
+5.13000E+2	+2.65579E-1	+1.51490E-1	+2.13025E-1
+5.13500E+2	+2.58133E-1	+1.52469E-1	+2.14207E-1
+5.14000E+2	+2.61002E-1	+1.53494E-1	+2.15870E-1
+5.14500E+2	+2.65350E-1	+1.54785E-1	+2.17765E-1
+5.15000E+2	+2.67853E-1	+1.55953E-1	+2.19421E-1
+5.15500E+2	+2.71454E-1	+1.57218E-1	+2.21219E-1
+5.16000E+2	+2.75040E-1	+1.58487E-1	+2.22662E-1
+5.16500E+2	+2.70065E-1	+1.59623E-1	+2.24634E-1
+5.17000E+2	+2.74429E-1	+1.60978E-1	+2.26553E-1
+5.17500E+2	+2.76093E-1	+1.62566E-1	+2.28843E-1
+5.18000E+2	+2.81219E-1	+1.64296E-1	+2.31275E-1
+5.18500E+2	+2.88223E-1	+1.66079E-1	+2.33803E-1
+5.19000E+2	+2.81387E-1	+1.67821E-1	+2.36141E-1
+5.19500E+2	+2.86530E-1	+1.69448E-1	+2.38568E-1
+5.20000E+2	+2.85400E-1	+1.71250E-1	+2.41137E-1
+5.20500E+2	+2.90924E-1	+1.73087E-1	+2.43748E-1
+5.21000E+2	+2.95303E-1	+1.74826E-1	+2.46237E-1
+5.21500E+2	+2.99988E-1	+1.76606E-1	+2.48757E-1
+5.22000E+2	+3.01910E-1	+1.78510E-1	+2.51455E-1
+5.22500E+2	+3.05695E-1	+1.80681E-1	+2.54567E-1
+5.23000E+2	+3.03650E-1	+1.83130E-1	+2.57991E-1
+5.23500E+2	+3.10364E-1	+1.85937E-1	+2.62001E-1
+5.24000E+2	+3.13141E-1	+1.88979E-1	+2.66244E-1
+5.24500E+2	+3.14438E-1	+1.91755E-1	+2.70271E-1
+5.25000E+2	+3.19412E-1	+1.94412E-1	+2.73869E-1
+5.25500E+2	+3.25928E-1	+1.96905E-1	+2.77577E-1
+5.26000E+2	+3.35281E-1	+1.99671E-1	+2.81382E-1
+5.26500E+2	+3.34167E-1	+2.02624E-1	+2.85575E-1
+5.27000E+2	+3.35602E-1	+2.05789E-1	+2.90101E-1
+5.27500E+2	+3.41721E-1	+2.08921E-1	+2.94508E-1
+5.28000E+2	+3.46817E-1	+2.12185E-1	+2.99036E-1
+5.28500E+2	+3.50143E-1	+2.15586E-1	+3.03836E-1
+5.29000E+2	+3.61603E-1	+2.19215E-1	+3.08762E-1
+5.29500E+2	+3.65768E-1	+2.22992E-1	+3.14577E-1
+5.30000E+2	+3.70438E-1	+2.26551E-1	+3.19266E-1
+5.30500E+2	+3.74832E-1	+2.30129E-1	+3.24498E-1
+5.31000E+2	+3.76038E-1	+2.34113E-1	+3.30114E-1
+5.31500E+2	+3.86597E-1	+2.38233E-1	+3.35908E-1
+5.32000E+2	+3.86246E-1	+2.43092E-1	+3.43089E-1
+5.32500E+2	+3.89984E-1	+2.47506E-1	+3.49325E-1
+5.33000E+2	+4.03809E-1	+2.52597E-1	+3.56283E-1
+5.33500E+2	+4.07898E-1	+2.57845E-1	+3.63997E-1
+5.34000E+2	+4.14764E-1	+2.63902E-1	+3.71888E-1
+5.34500E+2	+4.23843E-1	+2.68765E-1	+3.78985E-1
+5.35000E+2	+4.39438E-1	+2.74973E-1	+3.88096E-1
+5.35500E+2	+4.49997E-1	+2.81936E-1	+3.97891E-1
+5.36000E+2	+4.59610E-1	+2.89253E-1	+4.08147E-1
+5.36500E+2	+4.69284E-1	+2.97141E-1	+4.19503E-1
+5.37000E+2	+4.79233E-1	+3.05724E-1	+4.31358E-1
+5.37500E+2	+4.87915E-1	+3.14794E-1	+4.44473E-1
+5.38000E+2	+4.99176E-1	+3.23970E-1	+4.57308E-1
+5.38500E+2	+5.14206E-1	+3.33211E-1	+4.70324E-1
+5.39000E+2	+5.32593E-1	+3.43145E-1	+4.84697E-1
+5.39500E+2	+5.39398E-1	+3.54078E-1	+4.99787E-1
+5.40000E+2	+5.62759E-1	+3.65341E-1	+5.16202E-1
+5.40500E+2	+5.78537E-1	+3.76599E-1	+5.32142E-1
+5.41000E+2	+5.94452E-1	+3.85990E-1	+5.45438E-1
+5.41500E+2	+6.01089E-1	+3.92405E-1	+5.54477E-1
+5.42000E+2	+6.12411E-1	+3.99596E-1	+5.64678E-1
+5.42500E+2	+6.27670E-1	+4.09485E-1	+5.78691E-1
+5.43000E+2	+6.42120E-1	+4.21040E-1	+5.94948E-1
+5.43500E+2	+6.63757E-1	+4.33962E-1	+6.13095E-1
+5.44000E+2	+6.74561E-1	+4.48019E-1	+6.33091E-1
+5.44500E+2	+7.03903E-1	+4.63363E-1	+6.54701E-1
+5.45000E+2	+7.23999E-1	+4.79199E-1	+6.77187E-1
+5.45500E+2	+7.49084E-1	+4.96428E-1	+7.01639E-1
+5.46000E+2	+7.65457E-1	+5.13845E-1	+7.26110E-1
+5.46500E+2	+7.84973E-1	+5.29312E-1	+7.47948E-1
+5.47000E+2	+8.11981E-1	+5.45029E-1	+7.69801E-1
+5.47500E+2	+8.33725E-1	+5.60613E-1	+7.92193E-1
+5.48000E+2	+8.54462E-1	+5.75104E-1	+8.12466E-1
+5.48500E+2	+8.67279E-1	+5.87301E-1	+8.30020E-1
+5.49000E+2	+8.80554E-1	+5.97088E-1	+8.43189E-1
+5.49500E+2	+8.95401E-1	+6.04588E-1	+8.53991E-1
+5.50000E+2	+8.95020E-1	+6.08523E-1	+8.59743E-1
+5.50500E+2	+8.98590E-1	+6.08418E-1	+8.58912E-1
+5.51000E+2	+8.93646E-1	+6.05081E-1	+8.55352E-1
+5.51500E+2	+8.86520E-1	+5.99467E-1	+8.45650E-1
+5.52000E+2	+8.76694E-1	+5.91484E-1	+8.36065E-1
+5.52500E+2	+8.57071E-1	+5.79848E-1	+8.19065E-1
+5.53000E+2	+8.39951E-1	+5.64850E-1	+7.98455E-1
+5.53500E+2	+8.11722E-1	+5.46716E-1	+7.72419E-1
+5.54000E+2	+7.78107E-1	+5.26259E-1	+7.43767E-1
+5.54500E+2	+7.55127E-1	+5.03676E-1	+7.11776E-1
+5.55000E+2	+7.32513E-1	+4.79859E-1	+6.78254E-1
+5.55500E+2	+6.94916E-1	+4.57392E-1	+6.46183E-1
+5.56000E+2	+6.65344E-1	+4.35657E-1	+6.15639E-1
+5.56500E+2	+6.36215E-1	+4.16866E-1	+5.89086E-1
+5.57000E+2	+6.12137E-1	+3.99915E-1	+5.65107E-1
+5.57500E+2	+5.88562E-1	+3.83535E-1	+5.41942E-1
+5.58000E+2	+5.67215E-1	+3.67689E-1	+5.19506E-1
+5.58500E+2	+5.56274E-1	+3.52625E-1	+4.98157E-1
+5.59000E+2	+5.25497E-1	+3.37785E-1	+4.77198E-1
+5.59500E+2	+5.13626E-1	+3.22958E-1	+4.55754E-1
+5.60000E+2	+4.89288E-1	+3.09291E-1	+4.36822E-1
+5.60500E+2	+4.66263E-1	+2.95240E-1	+4.16072E-1
+5.61000E+2	+4.43314E-1	+2.81695E-1	+3.97725E-1
+5.61500E+2	+4.33365E-1	+2.68525E-1	+3.78243E-1
+5.62000E+2	+4.13116E-1	+2.56552E-1	+3.62126E-1
+5.62500E+2	+3.98804E-1	+2.45956E-1	+3.46363E-1
+5.63000E+2	+3.86581E-1	+2.37344E-1	+3.34908E-1
+5.63500E+2	+3.74420E-1	+2.28531E-1	+3.21913E-1
+5.64000E+2	+3.55591E-1	+2.19323E-1	+3.09393E-1
+5.64500E+2	+3.47763E-1	+2.10209E-1	+2.96006E-1
+5.65000E+2	+3.33939E-1	+2.01526E-1	+2.84108E-1
+5.65500E+2	+3.19443E-1	+1.92899E-1	+2.71656E-1
+5.66000E+2	+3.10120E-1	+1.85189E-1	+2.60961E-1
+5.66500E+2	+2.95776E-1	+1.77898E-1	+2.50210E-1
+5.67000E+2	+2.90924E-1	+1.71112E-1	+2.40948E-1
+5.67500E+2	+2.80258E-1	+1.64592E-1	+2.31246E-1
+5.68000E+2	+2.70264E-1	+1.58554E-1	+2.23146E-1
+5.68500E+2	+2.59918E-1	+1.52770E-1	+2.14714E-1
+5.69000E+2	+2.54044E-1	+1.47275E-1	+2.07111E-1
+5.69500E+2	+2.47910E-1	+1.41952E-1	+1.99533E-1
+5.70000E+2	+2.44995E-1	+1.37307E-1	+1.92909E-1
+5.70500E+2	+2.34833E-1	+1.32745E-1	+1.86431E-1
+5.71000E+2	+2.27615E-1	+1.28638E-1	+1.80447E-1
+5.71500E+2	+2.22107E-1	+1.24488E-1	+1.74679E-1
+5.72000E+2	+2.18414E-1	+1.20674E-1	+1.69176E-1
+5.72500E+2	+2.16324E-1	+1.16804E-1	+1.63692E-1
+5.73000E+2	+2.14142E-1	+1.13137E-1	+1.58472E-1
+5.73500E+2	+2.02271E-1	+1.09398E-1	+1.53143E-1
+5.74000E+2	+1.95572E-1	+1.06113E-1	+1.48430E-1
+5.74500E+2	+1.90659E-1	+1.03049E-1	+1.44062E-1
+5.75000E+2	+1.84937E-1	+1.00384E-1	+1.40251E-1
+5.75500E+2	+1.85623E-1	+9.77966E-2	+1.36398E-1
+5.76000E+2	+1.83548E-1	+9.51471E-2	+1.32728E-1
+5.76500E+2	+1.79871E-1	+9.21852E-2	+1.28484E-1
+5.77000E+2	+1.73340E-1	+8.92212E-2	+1.24181E-1
+5.77500E+2	+1.69022E-1	+8.65665E-2	+1.20364E-1
+5.78000E+2	+1.68747E-1	+8.39835E-2	+1.16473E-1
+5.78500E+2	+1.61530E-1	+8.16025E-2	+1.13111E-1
+5.79000E+2	+1.59088E-1	+7.94256E-2	+1.10007E-1
+5.79500E+2	+1.55670E-1	+7.72332E-2	+1.06755E-1
+5.80000E+2	+1.55869E-1	+7.51125E-2	+1.03613E-1
+5.80500E+2	+1.53870E-1	+7.29288E-2	+1.00423E-1
+5.81000E+2	+1.48102E-1	+7.07531E-2	+9.73121E-2
+5.81500E+2	+1.49490E-1	+6.84965E-2	+9.38843E-2
+5.82000E+2	+1.41479E-1	+6.62737E-2	+9.07859E-2
+5.82500E+2	+1.39771E-1	+6.41665E-2	+8.76452E-2
+5.83000E+2	+1.39145E-1	+6.22602E-2	+8.49365E-2
+5.83500E+2	+1.37863E-1	+6.05287E-2	+8.23113E-2
+5.84000E+2	+1.30753E-1	+5.88475E-2	+7.98856E-2
+5.84500E+2	+1.28433E-1	+5.71835E-2	+7.74315E-2
+5.85000E+2	+1.30295E-1	+5.54195E-2	+7.47872E-2
+5.85500E+2	+1.27823E-1	+5.37551E-2	+7.24794E-2
+5.86000E+2	+1.29883E-1	+5.23452E-2	+7.03322E-2
+5.86500E+2	+1.18515E-1	+5.14136E-2	+6.90668E-2
+5.87000E+2	+1.20331E-1	+5.06334E-2	+6.79037E-2
+5.87500E+2	+1.17249E-1	+4.97681E-2	+6.66837E-2
+5.88000E+2	+1.22025E-1	+4.89191E-2	+6.54053E-2
+5.88500E+2	+1.19110E-1	+4.84940E-2	+6.48126E-2
+5.89000E+2	+1.15723E-1	+4.83563E-2	+6.46172E-2
+5.89500E+2	+1.16547E-1	+4.83134E-2	+6.45647E-2
+5.90000E+2	+1.23199E-1	+4.82373E-2	+6.44704E-2
+5.90500E+2	+1.16211E-1	+4.82440E-2	+6.45079E-2
+5.91000E+2	+1.20392E-1	+4.83369E-2	+6.46674E-2
+5.91500E+2	+1.15768E-1	+4.85539E-2	+6.49905E-2
+5.92000E+2	+1.19461E-1	+4.91854E-2	+6.59559E-2
+5.92500E+2	+1.18256E-1	+5.01728E-2	+6.75176E-2
+5.93000E+2	+1.22650E-1	+5.14210E-2	+6.93142E-2
+5.93500E+2	+1.24405E-1	+5.26931E-2	+7.12015E-2
+5.94000E+2	+1.28616E-1	+5.42156E-2	+7.34221E-2
+5.94500E+2	+1.28113E-1	+5.57353E-2	+7.56956E-2
+5.95000E+2	+1.32370E-1	+5.74680E-2	+7.82284E-2
+5.95500E+2	+1.32446E-1	+5.94043E-2	+8.10599E-2
+5.96000E+2	+1.38901E-1	+6.17860E-2	+8.45153E-2
+5.96500E+2	+1.41266E-1	+6.43782E-2	+8.83344E-2
+5.97000E+2	+1.39999E-1	+6.74674E-2	+9.27646E-2
+5.97500E+2	+1.52328E-1	+7.07825E-2	+9.76544E-2
+5.98000E+2	+1.52634E-1	+7.44556E-2	+1.02932E-1
+5.98500E+2	+1.58203E-1	+7.81761E-2	+1.08310E-1
+5.99000E+2	+1.60583E-1	+8.17899E-2	+1.13485E-1
+5.99500E+2	+1.63269E-1	+8.53147E-2	+1.18575E-1
+6.00000E+2	+1.75919E-1	+8.92288E-2	+1.24234E-1
+6.00500E+2	+1.84418E-1	+9.35359E-2	+1.30388E-1
+6.01000E+2	+1.85715E-1	+9.82694E-2	+1.37149E-1
+6.01500E+2	+1.92596E-1	+1.03328E-1	+1.44365E-1
+6.02000E+2	+2.00684E-1	+1.08963E-1	+1.52289E-1
+6.02500E+2	+2.05444E-1	+1.15043E-1	+1.61103E-1
+6.03000E+2	+2.24030E-1	+1.21787E-1	+1.70613E-1
+6.03500E+2	+2.29660E-1	+1.28779E-1	+1.80699E-1
+6.04000E+2	+2.36649E-1	+1.35753E-1	+1.90418E-1
+6.04500E+2	+2.54440E-1	+1.42893E-1	+2.00796E-1
+6.05000E+2	+2.67166E-1	+1.50977E-1	+2.12153E-1
+6.05500E+2	+2.73819E-1	+1.60389E-1	+2.25605E-1
+6.06000E+2	+2.86942E-1	+1.71146E-1	+2.40957E-1
+6.06500E+2	+3.05740E-1	+1.82912E-1	+2.57494E-1
+6.07000E+2	+3.24417E-1	+1.95786E-1	+2.75983E-1
+6.07500E+2	+3.40759E-1	+2.09840E-1	+2.95601E-1
+6.08000E+2	+3.69370E-1	+2.25328E-1	+3.17722E-1
+6.08500E+2	+3.90564E-1	+2.42007E-1	+3.41158E-1
+6.09000E+2	+4.14185E-1	+2.60858E-1	+3.68257E-1
+6.09500E+2	+4.49722E-1	+2.81829E-1	+3.97930E-1
+6.10000E+2	+4.81644E-1	+3.04666E-1	+4.30266E-1
+6.10500E+2	+5.08530E-1	+3.29051E-1	+4.64430E-1
+6.11000E+2	+5.51346E-1	+3.56935E-1	+5.03096E-1
+6.11500E+2	+5.95413E-1	+3.85081E-1	+5.43725E-1
+6.12000E+2	+6.39435E-1	+4.16787E-1	+5.89015E-1
+6.12500E+2	+6.83914E-1	+4.48055E-1	+6.33249E-1
+6.13000E+2	+7.23679E-1	+4.77991E-1	+6.75615E-1
+6.13500E+2	+7.57401E-1	+5.05346E-1	+7.14329E-1
+6.14000E+2	+7.86911E-1	+5.28204E-1	+7.46252E-1
+6.14500E+2	+8.16742E-1	+5.43449E-1	+7.67822E-1
+6.15000E+2	+8.16788E-1	+5.49492E-1	+7.75627E-1
+6.15500E+2	+8.11264E-1	+5.47120E-1	+7.73393E-1
+6.16000E+2	+7.96295E-1	+5.37661E-1	+7.59326E-1
+6.16500E+2	+7.79358E-1	+5.22480E-1	+7.38034E-1
+6.17000E+2	+7.49130E-1	+5.03168E-1	+7.10924E-1
+6.17500E+2	+7.22885E-1	+4.81198E-1	+6.78884E-1
+6.18000E+2	+6.88889E-1	+4.58085E-1	+6.47327E-1
+6.18500E+2	+6.64276E-1	+4.34903E-1	+6.14009E-1
+6.19000E+2	+6.30875E-1	+4.12829E-1	+5.83174E-1
+6.19500E+2	+6.00540E-1	+3.92881E-1	+5.54433E-1
+6.20000E+2	+5.75607E-1	+3.74364E-1	+5.27866E-1
+6.20500E+2	+5.53207E-1	+3.57267E-1	+5.04536E-1
+6.21000E+2	+5.23819E-1	+3.41595E-1	+4.82140E-1
+6.21500E+2	+5.10468E-1	+3.26860E-1	+4.61406E-1
+6.22000E+2	+4.90463E-1	+3.13166E-1	+4.41634E-1
+6.22500E+2	+4.70245E-1	+3.00364E-1	+4.23917E-1
+6.23000E+2	+4.56268E-1	+2.88021E-1	+4.06152E-1
+6.23500E+2	+4.38705E-1	+2.76909E-1	+3.90481E-1
+6.24000E+2	+4.26132E-1	+2.66317E-1	+3.75913E-1
+6.24500E+2	+4.16946E-1	+2.56495E-1	+3.61783E-1
+6.25000E+2	+3.98300E-1	+2.47512E-1	+3.49087E-1
+6.25500E+2	+3.87711E-1	+2.39314E-1	+3.37268E-1
+6.26000E+2	+3.74100E-1	+2.31745E-1	+3.26666E-1
+6.26500E+2	+3.68408E-1	+2.24710E-1	+3.16557E-1
+6.27000E+2	+3.59482E-1	+2.17835E-1	+3.07165E-1
+6.27500E+2	+3.47748E-1	+2.11242E-1	+2.97420E-1
+6.28000E+2	+3.33466E-1	+2.05455E-1	+2.89415E-1
+6.28500E+2	+3.28934E-1	+1.99861E-1	+2.81557E-1
+6.29000E+2	+3.18588E-1	+1.94389E-1	+2.73499E-1
+6.29500E+2	+3.11157E-1	+1.88937E-1	+2.66235E-1
+6.30000E+2	+3.08640E-1	+1.83609E-1	+2.58570E-1
+6.30500E+2	+2.95914E-1	+1.78706E-1	+2.51691E-1
+6.31000E+2	+2.93228E-1	+1.74049E-1	+2.44914E-1
+6.31500E+2	+2.88025E-1	+1.69626E-1	+2.38790E-1
+6.32000E+2	+2.83508E-1	+1.65342E-1	+2.32503E-1
+6.32500E+2	+2.73819E-1	+1.61128E-1	+2.26638E-1
+6.33000E+2	+2.74857E-1	+1.57072E-1	+2.21009E-1
+6.33500E+2	+2.61292E-1	+1.53361E-1	+2.15711E-1
+6.34000E+2	+2.59720E-1	+1.49757E-1	+2.10582E-1
+6.34500E+2	+2.54333E-1	+1.46376E-1	+2.05541E-1
+6.35000E+2	+2.46902E-1	+1.43415E-1	+2.01445E-1
+6.35500E+2	+2.40509E-1	+1.40687E-1	+1.97674E-1
+6.36000E+2	+2.40311E-1	+1.38263E-1	+1.93720E-1
+6.36500E+2	+2.41196E-1	+1.36051E-1	+1.90971E-1
+6.37000E+2	+2.37946E-1	+1.33691E-1	+1.87759E-1
+6.37500E+2	+2.34055E-1	+1.31492E-1	+1.84626E-1
+6.38000E+2	+2.36649E-1	+1.29350E-1	+1.81561E-1
+6.38500E+2	+2.26196E-1	+1.27090E-1	+1.78373E-1
+6.39000E+2	+2.21756E-1	+1.24851E-1	+1.75163E-1
+6.39500E+2	+2.20276E-1	+1.22782E-1	+1.72219E-1
+6.40000E+2	+2.19498E-1	+1.20563E-1	+1.67526E-1
+6.40500E+2	+2.17468E-1	+1.19070E-1	+1.66624E-1
+6.41000E+2	+2.12341E-1	+1.17308E-1	+1.64417E-1
+6.41500E+2	+2.09213E-1	+1.15642E-1	+1.62022E-1
+6.42000E+2	+2.11365E-1	+1.14205E-1	+1.59974E-1
+6.42500E+2	+2.03720E-1	+1.12911E-1	+1.58180E-1
+6.43000E+2	+2.04910E-1	+1.11521E-1	+1.56009E-1
+6.43500E+2	+2.05872E-1	+1.10193E-1	+1.54219E-1
+6.44000E+2	+1.98166E-1	+1.08972E-1	+1.52508E-1
+6.44500E+2	+2.03506E-1	+1.07787E-1	+1.50776E-1
+6.45000E+2	+1.96716E-1	+1.06823E-1	+1.49432E-1
+6.45500E+2	+1.96091E-1	+1.05981E-1	+1.48202E-1
+6.46000E+2	+1.95892E-1	+1.05236E-1	+1.47167E-1
+6.46500E+2	+1.93604E-1	+1.04228E-1	+1.45617E-1
+6.47000E+2	+1.91116E-1	+1.03150E-1	+1.44091E-1
+6.47500E+2	+1.90353E-1	+1.02211E-1	+1.42571E-1
+6.48000E+2	+1.92596E-1	+1.01361E-1	+1.41603E-1
+6.48500E+2	+1.93985E-1	+1.00379E-1	+1.40151E-1
+6.49000E+2	+1.87103E-1	+9.93607E-2	+1.38708E-1
+6.49500E+2	+1.83151E-1	+9.85300E-2	+1.37384E-1
+6.50000E+2	+1.87759E-1	+9.79398E-2	+1.36673E-1
+6.50500E+2	+1.85562E-1	+9.74002E-2	+1.35841E-1
+6.51000E+2	+1.83258E-1	+9.69378E-2	+1.35250E-1
+6.51500E+2	+1.83533E-1	+9.64655E-2	+1.34429E-1
+6.52000E+2	+1.79764E-1	+9.57605E-2	+1.33543E-1
+6.52500E+2	+1.82755E-1	+9.50035E-2	+1.32237E-1
+6.53000E+2	+1.78482E-1	+9.40803E-2	+1.31029E-1
+6.53500E+2	+1.80405E-1	+9.30459E-2	+1.29467E-1
+6.54000E+2	+1.82343E-1	+9.18712E-2	+1.27701E-1
+6.54500E+2	+1.74210E-1	+9.07542E-2	+1.26281E-1
+6.55000E+2	+1.70883E-1	+8.94197E-2	+1.24363E-1
+6.55500E+2	+1.72958E-1	+8.81327E-2	+1.22323E-1
+6.56000E+2	+1.67999E-1	+8.68751E-2	+1.20636E-1
+6.56500E+2	+1.75827E-1	+8.58222E-2	+1.19023E-1
+6.57000E+2	+1.67816E-1	+8.51024E-2	+1.18024E-1
+6.57500E+2	+1.65909E-1	+8.46052E-2	+1.17326E-1
+6.58000E+2	+1.70135E-1	+8.43062E-2	+1.16848E-1
+6.58500E+2	+1.69540E-1	+8.42768E-2	+1.16871E-1
+6.59000E+2	+1.71936E-1	+8.42107E-2	+1.16897E-1
+6.59500E+2	+1.66077E-1	+8.43110E-2	+1.16955E-1
+6.60000E+2	+1.71402E-1	+8.42211E-2	+1.16851E-1
+6.60500E+2	+1.67908E-1	+8.41287E-2	+1.16761E-1
+6.61000E+2	+1.57364E-1	+8.41935E-2	+1.16554E-1
+6.61500E+2	+1.72363E-1	+8.41671E-2	+1.16855E-1
+6.62000E+2	+1.66534E-1	+8.40659E-2	+1.16569E-1
+6.62500E+2	+1.67206E-1	+8.39401E-2	+1.16489E-1
+6.63000E+2	+1.66595E-1	+8.37999E-2	+1.16211E-1
+6.63500E+2	+1.65619E-1	+8.38500E-2	+1.16420E-1
+6.64000E+2	+1.63361E-1	+8.39753E-2	+1.16607E-1
+6.64500E+2	+1.64703E-1	+8.42921E-2	+1.17060E-1
+6.65000E+2	+1.68701E-1	+8.47089E-2	+1.17673E-1
+6.65500E+2	+1.68106E-1	+8.50671E-2	+1.18192E-1
+6.66000E+2	+1.65588E-1	+8.51379E-2	+1.18291E-1
+6.66500E+2	+1.72058E-1	+8.53220E-2	+1.18551E-1
+6.67000E+2	+1.66138E-1	+8.56780E-2	+1.18968E-1
+6.67500E+2	+1.65634E-1	+8.61196E-2	+1.19732E-1
+6.68000E+2	+1.69266E-1	+8.66147E-2	+1.20431E-1
+6.68500E+2	+1.74667E-1	+8.70636E-2	+1.21087E-1
+6.69000E+2	+1.71783E-1	+8.73829E-2	+1.21554E-1
+6.69500E+2	+1.73218E-1	+8.76333E-2	+1.21910E-1
+6.70000E+2	+1.72104E-1	+8.78567E-2	+1.22213E-1
+6.70500E+2	+1.71158E-1	+8.79798E-2	+1.22393E-1
+6.71000E+2	+1.68793E-1	+8.79885E-2	+1.22049E-1
+6.71500E+2	+1.78619E-1	+8.79816E-2	+1.22265E-1
+6.72000E+2	+1.71082E-1	+8.80786E-2	+1.22465E-1
+6.72500E+2	+1.72379E-1	+8.82877E-2	+1.22862E-1
+6.73000E+2	+1.73965E-1	+8.84655E-2	+1.23116E-1
+6.73500E+2	+1.74789E-1	+8.83987E-2	+1.22917E-1
+6.74000E+2	+1.77551E-1	+8.83394E-2	+1.22912E-1
+6.74500E+2	+1.71890E-1	+8.83805E-2	+1.22925E-1
+6.75000E+2	+1.71188E-1	+8.86633E-2	+1.23391E-1
+6.75500E+2	+1.76102E-1	+8.90493E-2	+1.23923E-1
+6.76000E+2	+1.67572E-1	+8.95272E-2	+1.24646E-1
+6.76500E+2	+1.77475E-1	+8.99432E-2	+1.25203E-1
+6.77000E+2	+1.76636E-1	+9.02253E-2	+1.25525E-1
+6.77500E+2	+1.75659E-1	+9.03318E-2	+1.25748E-1
+6.78000E+2	+1.75018E-1	+9.03360E-2	+1.25642E-1
+6.78500E+2	+1.76285E-1	+9.03137E-2	+1.25724E-1
+6.79000E+2	+1.75461E-1	+9.01089E-2	+1.25228E-1
+6.79500E+2	+1.72577E-1	+8.99250E-2	+1.24971E-1
+6.80000E+2	+1.77399E-1	+8.98098E-2	+1.24971E-1
+6.80500E+2	+1.77399E-1	+8.95849E-2	+1.24614E-1
+6.81000E+2	+1.72318E-1	+8.95325E-2	+1.24624E-1
+6.81500E+2	+1.69449E-1	+8.94218E-2	+1.24441E-1
+6.82000E+2	+1.73935E-1	+8.92780E-2	+1.24125E-1
+6.82500E+2	+1.75598E-1	+8.90054E-2	+1.23696E-1
+6.83000E+2	+1.75949E-1	+8.87093E-2	+1.23391E-1
+6.83500E+2	+1.70013E-1	+8.87335E-2	+1.23345E-1
+6.84000E+2	+1.70319E-1	+8.89240E-2	+1.23604E-1
+6.84500E+2	+1.71967E-1	+8.91131E-2	+1.24009E-1
+6.85000E+2	+1.74347E-1	+8.94394E-2	+1.24366E-1
+6.85500E+2	+1.75522E-1	+8.97346E-2	+1.24935E-1
+6.86000E+2	+1.72028E-1	+9.00098E-2	+1.25250E-1
+6.86500E+2	+1.78940E-1	+9.04107E-2	+1.25910E-1
+6.87000E+2	+1.76315E-1	+9.09561E-2	+1.26575E-1
+6.87500E+2	+1.79718E-1	+9.15859E-2	+1.27579E-1
+6.88000E+2	+1.80786E-1	+9.19572E-2	+1.27984E-1
+6.88500E+2	+1.76620E-1	+9.18235E-2	+1.27885E-1
+6.89000E+2	+1.73798E-1	+9.14147E-2	+1.27275E-1
+6.89500E+2	+1.77856E-1	+9.09188E-2	+1.26661E-1
+6.90000E+2	+1.76620E-1	+9.05426E-2	+1.26103E-1
+6.90500E+2	+1.72852E-1	+9.02889E-2	+1.25731E-1
+6.91000E+2	+1.75537E-1	+9.03685E-2	+1.25686E-1
+6.91500E+2	+1.75949E-1	+9.09581E-2	+1.26706E-1
+6.92000E+2	+1.76086E-1	+9.15491E-2	+1.27546E-1
+6.92500E+2	+1.79138E-1	+9.20850E-2	+1.28354E-1
+6.93000E+2	+1.72882E-1	+9.25641E-2	+1.29024E-1
+6.93500E+2	+1.83167E-1	+9.29647E-2	+1.29582E-1
+6.94000E+2	+1.78955E-1	+9.32499E-2	+1.29984E-1
+6.94500E+2	+1.77292E-1	+9.34351E-2	+1.30268E-1
+6.95000E+2	+1.78909E-1	+9.37226E-2	+1.30679E-1
+6.95500E+2	+1.81061E-1	+9.40573E-2	+1.31159E-1
+6.96000E+2	+1.87698E-1	+9.46682E-2	+1.32025E-1
+6.96500E+2	+1.85684E-1	+9.52467E-2	+1.32700E-1
+6.97000E+2	+1.83197E-1	+9.57236E-2	+1.33498E-1
+6.97500E+2	+1.84662E-1	+9.60046E-2	+1.33775E-1
+6.98000E+2	+1.84616E-1	+9.60555E-2	+1.33993E-1
+6.98500E+2	+1.85318E-1	+9.63010E-2	+1.34216E-1
+6.99000E+2	+1.83090E-1	+9.67152E-2	+1.34856E-1
+6.99500E+2	+1.82724E-1	+9.74273E-2	+1.35730E-1
+7.00000E+2	+1.87805E-1	+9.84131E-2	+1.37392E-1
+7.00500E+2	+1.91498E-1	+9.95610E-2	+1.38892E-1
+7.01000E+2	+1.85806E-1	+1.00821E-1	+1.40824E-1
+7.01500E+2	+1.98624E-1	+1.02068E-1	+1.42613E-1
+7.02000E+2	+1.96625E-1	+1.03306E-1	+1.44399E-1
+7.02500E+2	+1.94031E-1	+1.04562E-1	+1.46084E-1
+7.03000E+2	+1.98975E-1	+1.06065E-1	+1.48072E-1
+7.03500E+2	+1.99982E-1	+1.07314E-1	+1.50059E-1
+7.04000E+2	+2.03644E-1	+1.08344E-1	+1.51335E-1
+7.04500E+2	+1.96548E-1	+1.09119E-1	+1.52685E-1
+7.05000E+2	+2.01797E-1	+1.10484E-1	+1.54424E-1
+7.05500E+2	+2.05414E-1	+1.12261E-1	+1.57088E-1
+7.06000E+2	+2.12463E-1	+1.13731E-1	+1.59124E-1
+7.06500E+2	+2.13943E-1	+1.15351E-1	+1.61164E-1
+7.07000E+2	+2.13058E-1	+1.16867E-1	+1.63792E-1
+7.07500E+2	+2.11731E-1	+1.18526E-1	+1.66014E-1
+7.08000E+2	+2.22305E-1	+1.20443E-1	+1.68866E-1
+7.08500E+2	+2.18842E-1	+1.22600E-1	+1.71878E-1
+7.09000E+2	+2.28455E-1	+1.25128E-1	+1.75292E-1
+7.09500E+2	+2.33154E-1	+1.27612E-1	+1.78742E-1
+7.10000E+2	+2.29599E-1	+1.29602E-1	+1.81788E-1
+7.10500E+2	+2.28195E-1	+1.30836E-1	+1.83319E-1
+7.11000E+2	+2.34314E-1	+1.31738E-1	+1.84927E-1
+7.11500E+2	+2.37137E-1	+1.32733E-1	+1.86118E-1
+7.12000E+2	+2.35458E-1	+1.34378E-1	+1.88638E-1
+7.12500E+2	+2.51205E-1	+1.36784E-1	+1.91838E-1
+7.13000E+2	+2.46445E-1	+1.39827E-1	+1.96027E-1
+7.13500E+2	+2.52457E-1	+1.43386E-1	+2.01534E-1
+7.14000E+2	+2.56897E-1	+1.47685E-1	+2.07345E-1
+7.14500E+2	+2.63229E-1	+1.52631E-1	+2.14611E-1
+7.15000E+2	+2.73956E-1	+1.57842E-1	+2.21860E-1
+7.15500E+2	+2.79053E-1	+1.63255E-1	+2.29534E-1
+7.16000E+2	+2.81082E-1	+1.68791E-1	+2.37557E-1
+7.16500E+2	+2.95334E-1	+1.74353E-1	+2.45554E-1
+7.17000E+2	+3.04596E-1	+1.79630E-1	+2.52652E-1
+7.17500E+2	+3.07877E-1	+1.84633E-1	+2.59963E-1
+7.18000E+2	+3.19397E-1	+1.89872E-1	+2.67349E-1
+7.18500E+2	+3.21564E-1	+1.95419E-1	+2.74765E-1
+7.19000E+2	+3.33374E-1	+2.01531E-1	+2.83750E-1
+7.19500E+2	+3.44620E-1	+2.08871E-1	+2.94093E-1
+7.20000E+2	+3.52997E-1	+2.17409E-1	+3.06619E-1
+7.20500E+2	+3.69888E-1	+2.26363E-1	+3.18827E-1
+7.21000E+2	+3.80920E-1	+2.34768E-1	+3.31147E-1
+7.21500E+2	+3.86566E-1	+2.42901E-1	+3.42776E-1
+7.22000E+2	+4.04800E-1	+2.50289E-1	+3.52911E-1
+7.22500E+2	+4.03198E-1	+2.57924E-1	+3.64065E-1
+7.23000E+2	+4.20227E-1	+2.65180E-1	+3.74341E-1
+7.23500E+2	+4.28116E-1	+2.71445E-1	+3.83027E-1
+7.24000E+2	+4.35318E-1	+2.76906E-1	+3.90746E-1
+7.24500E+2	+4.44122E-1	+2.80416E-1	+3.95882E-1
+7.25000E+2	+4.47876E-1	+2.79638E-1	+3.94783E-1
+7.25500E+2	+4.38522E-1	+2.73992E-1	+3.86773E-1
+7.26000E+2	+4.21478E-1	+2.64726E-1	+3.73225E-1
+7.26500E+2	+4.03152E-1	+2.53914E-1	+3.57984E-1
+7.27000E+2	+3.89694E-1	+2.40980E-1	+3.40044E-1
+7.27500E+2	+3.71674E-1	+2.27601E-1	+3.20554E-1
+7.28000E+2	+3.50189E-1	+2.13688E-1	+3.01062E-1
+7.28500E+2	+3.32153E-1	+2.00068E-1	+2.82025E-1
+7.29000E+2	+3.14209E-1	+1.88703E-1	+2.65541E-1
+7.29500E+2	+3.06229E-1	+1.78486E-1	+2.50997E-1
+7.30000E+2	+2.83905E-1	+1.68420E-1	+2.37071E-1
+7.30500E+2	+2.66510E-1	+1.58277E-1	+2.22672E-1
+7.31000E+2	+2.54776E-1	+1.49380E-1	+2.10009E-1
+7.31500E+2	+2.47726E-1	+1.42234E-1	+1.99671E-1
+7.32000E+2	+2.33871E-1	+1.35248E-1	+1.89901E-1
+7.32500E+2	+2.37671E-1	+1.28612E-1	+1.80438E-1
+7.33000E+2	+2.25845E-1	+1.21989E-1	+1.70987E-1
+7.33500E+2	+2.09274E-1	+1.15897E-1	+1.62226E-1
+7.34000E+2	+1.95145E-1	+1.11138E-1	+1.55494E-1
+7.34500E+2	+1.93405E-1	+1.05866E-1	+1.47992E-1
+7.35000E+2	+1.88385E-1	+1.00186E-1	+1.39840E-1
+7.35500E+2	+1.83334E-1	+9.45890E-2	+1.31810E-1
+7.36000E+2	+1.69952E-1	+8.84240E-2	+1.22727E-1
+7.36500E+2	+1.64612E-1	+8.25660E-2	+1.14505E-1
+7.37000E+2	+1.58081E-1	+7.72170E-2	+1.06460E-1
+7.37500E+2	+1.55014E-1	+7.24940E-2	+9.99050E-2
+7.38000E+2	+1.42365E-1	+6.87481E-2	+9.44494E-2
+7.38500E+2	+1.40808E-1	+6.57628E-2	+9.01466E-2
+7.39000E+2	+1.33911E-1	+6.30414E-2	+8.61769E-2
+7.39500E+2	+1.34430E-1	+6.03876E-2	+8.22436E-2
+7.40000E+2	+1.30295E-1	+5.84479E-2	+7.94301E-2
+7.40500E+2	+1.24573E-1	+5.71005E-2	+7.73618E-2
+7.41000E+2	+1.27029E-1	+5.59094E-2	+7.56835E-2
+7.41500E+2	+1.28159E-1	+5.46270E-2	+7.37772E-2
+7.42000E+2	+1.28250E-1	+5.34141E-2	+7.19689E-2
+7.42500E+2	+1.24023E-1	+5.28903E-2	+7.12577E-2
+7.43000E+2	+1.22849E-1	+5.28411E-2	+7.10335E-2
+7.43500E+2	+1.17493E-1	+5.35285E-2	+7.21312E-2
+7.44000E+2	+1.29669E-1	+5.52208E-2	+7.45557E-2
+7.44500E+2	+1.28448E-1	+5.71403E-2	+7.74184E-2
+7.45000E+2	+1.38412E-1	+5.89188E-2	+8.00425E-2
+7.45500E+2	+1.35483E-1	+6.04202E-2	+8.23093E-2
+7.46000E+2	+1.36215E-1	+6.19802E-2	+8.44919E-2
+7.46500E+2	+1.39786E-1	+6.41484E-2	+8.77747E-2
+7.47000E+2	+1.43219E-1	+6.67752E-2	+9.13464E-2
+7.47500E+2	+1.46194E-1	+6.92947E-2	+9.50783E-2
+7.48000E+2	+1.53381E-1	+7.19888E-2	+9.91355E-2
+7.48500E+2	+1.56128E-1	+7.55420E-2	+1.04277E-1
+7.49000E+2	+1.64185E-1	+8.02635E-2	+1.11023E-1
+7.49500E+2	+1.70212E-1	+8.49363E-2	+1.17804E-1
+7.50000E+2	+1.72455E-1	+8.91556E-2	+1.23828E-1
+7.50500E+2	+1.77994E-1	+9.30881E-2	+1.29623E-1
+7.51000E+2	+1.85867E-1	+9.79447E-2	+1.36367E-1
+7.51500E+2	+1.96091E-1	+1.04513E-1	+1.45614E-1
+7.52000E+2	+2.10052E-1	+1.12132E-1	+1.56861E-1
+7.52500E+2	+2.19162E-1	+1.19068E-1	+1.66585E-1
+7.53000E+2	+2.31735E-1	+1.24381E-1	+1.74202E-1
+7.53500E+2	+2.26242E-1	+1.28695E-1	+1.80174E-1
+7.54000E+2	+2.36053E-1	+1.32597E-1	+1.85653E-1
+7.54500E+2	+2.37625E-1	+1.36727E-1	+1.91941E-1
+7.55000E+2	+2.50443E-1	+1.40953E-1	+1.97657E-1
+7.55500E+2	+2.50320E-1	+1.45342E-1	+2.04261E-1
+7.56000E+2	+2.60239E-1	+1.50161E-1	+2.10912E-1
+7.56500E+2	+2.69196E-1	+1.55954E-1	+2.19318E-1
+7.57000E+2	+2.81326E-1	+1.62812E-1	+2.28810E-1
+7.57500E+2	+2.88483E-1	+1.68658E-1	+2.37299E-1
+7.58000E+2	+2.84256E-1	+1.71340E-1	+2.40898E-1
+7.58500E+2	+2.92496E-1	+1.71175E-1	+2.40999E-1
+7.59000E+2	+2.88864E-1	+1.70821E-1	+2.40212E-1
+7.59500E+2	+2.96722E-1	+1.71329E-1	+2.40890E-1
+7.60000E+2	+2.89795E-1	+1.72876E-1	+2.43386E-1
+7.60500E+2	+2.90451E-1	+1.75018E-1	+2.46400E-1
+7.61000E+2	+2.93503E-1	+1.77161E-1	+2.49481E-1
+7.61500E+2	+3.00674E-1	+1.78025E-1	+2.50679E-1
+7.62000E+2	+2.98172E-1	+1.78644E-1	+2.51608E-1
+7.62500E+2	+2.99850E-1	+1.79726E-1	+2.52062E-1
+7.63000E+2	+3.01193E-1	+1.80749E-1	+2.54594E-1
+7.63500E+2	+3.01331E-1	+1.81563E-1	+2.55546E-1
+7.64000E+2	+3.03131E-1	+1.82033E-1	+2.56077E-1
+7.64500E+2	+3.03360E-1	+1.81778E-1	+2.56068E-1
+7.65000E+2	+3.01163E-1	+1.81017E-1	+2.54791E-1
+7.65500E+2	+3.02170E-1	+1.80074E-1	+2.52630E-1
+7.66000E+2	+3.00934E-1	+1.80324E-1	+2.53982E-1
+7.66500E+2	+3.04581E-1	+1.81539E-1	+2.55302E-1
+7.67000E+2	+3.03421E-1	+1.82652E-1	+2.56656E-1
+7.67500E+2	+3.01941E-1	+1.83434E-1	+2.58412E-1
+7.68000E+2	+3.10394E-1	+1.84636E-1	+2.60092E-1
+7.68500E+2	+3.11020E-1	+1.85854E-1	+2.61824E-1
+7.69000E+2	+3.05145E-1	+1.87024E-1	+2.63490E-1
+7.69500E+2	+3.09341E-1	+1.88614E-1	+2.65758E-1
+7.70000E+2	+3.17474E-1	+1.90826E-1	+2.68798E-1
+7.70500E+2	+3.17581E-1	+1.93640E-1	+2.72885E-1
+7.71000E+2	+3.26996E-1	+1.96023E-1	+2.76275E-1
+7.71500E+2	+3.27408E-1	+1.97605E-1	+2.78221E-1
+7.72000E+2	+3.28369E-1	+1.98615E-1	+2.79936E-1
+7.72500E+2	+3.25256E-1	+1.99555E-1	+2.81284E-1
+7.73000E+2	+3.36502E-1	+2.01226E-1	+2.83637E-1
+7.73500E+2	+3.34549E-1	+2.04260E-1	+2.87932E-1
+7.74000E+2	+3.39401E-1	+2.08006E-1	+2.93275E-1
+7.74500E+2	+3.45795E-1	+2.12504E-1	+2.99637E-1
+7.75000E+2	+3.52051E-1	+2.18058E-1	+3.07496E-1
+7.75500E+2	+3.70560E-1	+2.24181E-1	+3.16182E-1
+7.76000E+2	+3.79303E-1	+2.30558E-1	+3.25248E-1
+7.76500E+2	+3.82782E-1	+2.35870E-1	+3.32397E-1
+7.77000E+2	+3.88031E-1	+2.39954E-1	+3.38573E-1
+7.77500E+2	+3.95737E-1	+2.42659E-1	+3.42397E-1
+7.78000E+2	+3.98224E-1	+2.44471E-1	+3.44967E-1
+7.78500E+2	+3.99796E-1	+2.45546E-1	+3.46489E-1
+7.79000E+2	+3.91342E-1	+2.45824E-1	+3.46856E-1
+7.79500E+2	+4.00452E-1	+2.45278E-1	+3.46097E-1
+7.80000E+2	+3.87177E-1	+2.43936E-1	+3.44203E-1
+7.80500E+2	+3.95950E-1	+2.41538E-1	+3.40810E-1
+7.81000E+2	+3.84430E-1	+2.37837E-1	+3.35539E-1
+7.81500E+2	+3.75854E-1	+2.32999E-1	+3.28258E-1
+7.82000E+2	+3.65555E-1	+2.27434E-1	+3.20781E-1
+7.82500E+2	+3.60260E-1	+2.21182E-1	+3.11462E-1
+7.83000E+2	+3.48846E-1	+2.14081E-1	+3.01875E-1
+7.83500E+2	+3.41187E-1	+2.05783E-1	+2.89854E-1
+7.84000E+2	+3.21060E-1	+1.96987E-1	+2.77648E-1
+7.84500E+2	+3.11859E-1	+1.86372E-1	+2.62061E-1
+7.85000E+2	+3.00980E-1	+1.74725E-1	+2.45883E-1
+7.85500E+2	+2.76978E-1	+1.62076E-1	+2.27689E-1
+7.86000E+2	+2.61185E-1	+1.50045E-1	+2.10818E-1
+7.86500E+2	+2.44385E-1	+1.38914E-1	+1.94597E-1
+7.87000E+2	+2.32925E-1	+1.28855E-1	+1.80740E-1
+7.87500E+2	+2.17407E-1	+1.19464E-1	+1.67012E-1
+7.88000E+2	+2.07184E-1	+1.10625E-1	+1.54756E-1
+7.88500E+2	+1.99158E-1	+1.02305E-1	+1.42594E-1
+7.89000E+2	+1.80634E-1	+9.46181E-2	+1.31643E-1
+7.89500E+2	+1.71219E-1	+8.78448E-2	+1.21789E-1
+7.90000E+2	+1.64581E-1	+8.26187E-2	+1.14345E-1
+7.90500E+2	+1.61652E-1	+7.89624E-2	+1.08952E-1
+7.91000E+2	+1.59698E-1	+7.61487E-2	+1.05168E-1
+7.91500E+2	+1.49323E-1	+7.34253E-2	+1.01023E-1
+7.92000E+2	+1.51886E-1	+7.04616E-2	+9.68958E-2
+7.92500E+2	+1.36398E-1	+6.78004E-2	+9.29556E-2
+7.93000E+2	+1.35956E-1	+6.52768E-2	+8.92581E-2
+7.93500E+2	+1.37146E-1	+6.44695E-2	+8.80111E-2
+7.94000E+2	+1.39557E-1	+6.50773E-2	+8.89756E-2
+7.94500E+2	+1.43845E-1	+6.58045E-2	+9.01177E-2
+7.95000E+2	+1.41586E-1	+6.57783E-2	+8.99299E-2
+7.95500E+2	+1.36459E-1	+6.41274E-2	+8.75853E-2
+7.96000E+2	+1.33987E-1	+6.18223E-2	+8.43071E-2
+7.96500E+2	+1.32233E-1	+5.95735E-2	+8.08501E-2
+7.97000E+2	+1.34903E-1	+5.74436E-2	+7.77926E-2
+7.97500E+2	+1.28098E-1	+5.55363E-2	+7.48052E-2
+7.98000E+2	+1.25641E-1	+5.40696E-2	+7.28672E-2
+7.98500E+2	+1.23871E-1	+5.31651E-2	+7.11879E-2
+7.99000E+2	+1.27502E-1	+5.26084E-2	+7.06645E-2
+7.99500E+2	+1.22971E-1	+5.18531E-2	+6.93727E-2
+8.00000E+2	+1.22513E-1	+5.06405E-2	+6.77348E-2
+8.00500E+2	+1.20102E-1	+4.92982E-2	+6.56796E-2
+8.01000E+2	+1.15936E-1	+4.82862E-2	+6.42702E-2
+8.01500E+2	+1.16028E-1	+4.73217E-2	+6.27260E-2
+8.02000E+2	+1.13297E-1	+4.61044E-2	+6.09703E-2
+8.02500E+2	+1.08871E-1	+4.45413E-2	+5.86110E-2
+8.03000E+2	+1.12976E-1	+4.31998E-2	+5.66021E-2
+8.03500E+2	+1.05759E-1	+4.20525E-2	+5.48377E-2
+8.04000E+2	+1.07361E-1	+4.09346E-2	+5.30591E-2
+8.04500E+2	+9.98840E-2	+3.92681E-2	+5.05480E-2
+8.05000E+2	+9.84039E-2	+3.72024E-2	+4.71044E-2
+8.05500E+2	+9.77173E-2	+3.49739E-2	+4.38139E-2
+8.06000E+2	+9.19037E-2	+3.29228E-2	+4.02897E-2
+8.06500E+2	+9.09729E-2	+3.12603E-2	+3.77490E-2
+8.07000E+2	+9.05609E-2	+2.97675E-2	+3.51099E-2
+8.07500E+2	+8.30841E-2	+2.82421E-2	+3.26827E-2
+8.08000E+2	+8.59070E-2	+2.67285E-2	+2.99926E-2
+8.08500E+2	+7.82013E-2	+2.51448E-2	+2.71008E-2
+8.09000E+2	+7.46307E-2	+2.37257E-2	+2.44637E-2
+8.09500E+2	+7.98950E-2	+2.25312E-2	+2.20159E-2
+8.10000E+2	+8.03986E-2	+2.14805E-2	+1.98111E-2
+8.10500E+2	+7.60651E-2	+2.04242E-2	+1.74659E-2
+8.11000E+2	+7.20062E-2	+1.93933E-2	+1.47568E-2
+8.11500E+2	+6.99768E-2	+1.84577E-2	+1.22836E-2
+8.12000E+2	+6.64368E-2	+1.76983E-2	+9.86434E-3
+8.12500E+2	+6.28967E-2	+1.73867E-2	+8.54268E-3
+8.13000E+2	+6.88019E-2	+1.72869E-2	+8.25587E-3
+8.13500E+2	+7.15942E-2	+1.75629E-2	+9.20463E-3
+8.14000E+2	+6.63757E-2	+1.80232E-2	+1.06990E-2
+8.14500E+2	+6.55212E-2	+1.85252E-2	+1.23462E-2
+8.15000E+2	+6.86798E-2	+1.90890E-2	+1.39489E-2
+8.15500E+2	+7.43713E-2	+1.96205E-2	+1.53541E-2
+8.16000E+2	+7.36389E-2	+2.01142E-2	+1.65649E-2
+8.16500E+2	+7.39136E-2	+2.04603E-2	+1.73796E-2
+8.17000E+2	+7.38983E-2	+2.07724E-2	+1.80877E-2
+8.17500E+2	+7.17926E-2	+2.10289E-2	+1.87224E-2
+8.18000E+2	+7.40051E-2	+2.16324E-2	+1.95363E-2
+8.18500E+2	+8.03833E-2	+2.24852E-2	+2.03057E-2
+8.19000E+2	+7.66602E-2	+2.33140E-2	+2.08279E-2
+8.19500E+2	+8.02612E-2	+2.38523E-2	+2.13535E-2
+8.20000E+2	+8.20007E-2	+2.40762E-2	+2.22244E-2
+8.20500E+2	+8.27332E-2	+2.45525E-2	+2.33581E-2
+8.21000E+2	+7.74689E-2	+2.51141E-2	+2.45285E-2
+8.21500E+2	+7.88574E-2	+2.56350E-2	+2.55322E-2
+8.22000E+2	+8.63647E-2	+2.60876E-2	+2.64912E-2
+8.22500E+2	+8.79364E-2	+2.66434E-2	+2.76069E-2
+8.23000E+2	+8.61359E-2	+2.71593E-2	+2.86192E-2
+8.23500E+2	+8.55560E-2	+2.77452E-2	+2.97269E-2
+8.24000E+2	+9.15527E-2	+2.83333E-2	+3.08330E-2
+8.24500E+2	+8.78601E-2	+2.89061E-2	+3.18990E-2
+8.25000E+2	+9.06982E-2	+2.95802E-2	+3.31586E-2
+8.25500E+2	+9.01794E-2	+3.03126E-2	+3.44043E-2
+8.26000E+2	+8.97827E-2	+3.12638E-2	+3.60586E-2
+8.26500E+2	+9.36432E-2	+3.22288E-2	+3.77184E-2
+8.27000E+2	+1.01486E-1	+3.33101E-2	+3.95314E-2
+8.27500E+2	+9.63135E-2	+3.44804E-2	+4.14816E-2
+8.28000E+2	+1.02386E-1	+3.56527E-2	+4.34355E-2
+8.28500E+2	+1.01517E-1	+3.69090E-2	+4.55054E-2
+8.29000E+2	+1.00693E-1	+3.81245E-2	+4.74053E-2
+8.29500E+2	+1.06277E-1	+3.91127E-2	+4.90483E-2
+8.30000E+2	+1.09406E-1	+3.99351E-2	+5.03664E-2
+8.30500E+2	+1.06781E-1	+4.05222E-2	+5.12866E-2
+8.31000E+2	+1.08124E-1	+4.10908E-2	+5.21660E-2
+8.31500E+2	+1.09543E-1	+4.18524E-2	+5.34085E-2
+8.32000E+2	+1.14304E-1	+4.26513E-2	+5.46862E-2
+8.32500E+2	+1.12167E-1	+4.37822E-2	+5.64249E-2
+8.33000E+2	+1.11465E-1	+4.50203E-2	+5.83214E-2
+8.33500E+2	+1.17035E-1	+4.63789E-2	+6.03184E-2
+8.34000E+2	+1.16348E-1	+4.79245E-2	+6.28468E-2
+8.34500E+2	+1.21353E-1	+4.93140E-2	+6.49195E-2
+8.35000E+2	+1.22604E-1	+5.02119E-2	+6.62909E-2
+8.35500E+2	+1.21368E-1	+5.09269E-2	+6.72699E-2
+8.36000E+2	+1.19431E-1	+5.14936E-2	+6.82266E-2
+8.36500E+2	+1.27731E-1	+5.24523E-2	+6.96472E-2
+8.37000E+2	+1.36932E-1	+5.40965E-2	+7.20281E-2
+8.37500E+2	+1.35391E-1	+5.61133E-2	+7.51664E-2
+8.38000E+2	+1.29959E-1	+5.80902E-2	+7.80877E-2
+8.38500E+2	+1.34384E-1	+5.98326E-2	+8.06599E-2
+8.39000E+2	+1.40228E-1	+6.12923E-2	+8.27456E-2
+8.39500E+2	+1.40976E-1	+6.27746E-2	+8.48471E-2
+8.40000E+2	+1.42426E-1	+6.42568E-2	+8.71045E-2
+8.40500E+2	+1.45844E-1	+6.58667E-2	+8.92283E-2
+8.41000E+2	+1.44089E-1	+6.74866E-2	+9.18747E-2
+8.41500E+2	+1.45035E-1	+6.91803E-2	+9.41611E-2
+8.42000E+2	+1.50345E-1	+7.11406E-2	+9.69578E-2
+8.42500E+2	+1.53000E-1	+7.33351E-2	+1.00341E-1
+8.43000E+2	+1.59821E-1	+7.56296E-2	+1.03491E-1
+8.43500E+2	+1.58173E-1	+7.77850E-2	+1.06790E-1
+8.44000E+2	+1.60660E-1	+7.98459E-2	+1.09656E-1
+8.44500E+2	+1.68839E-1	+8.20296E-2	+1.12991E-1
+8.45000E+2	+1.67480E-1	+8.44708E-2	+1.16412E-1
+8.45500E+2	+1.71234E-1	+8.72786E-2	+1.20632E-1
+8.46000E+2	+1.79718E-1	+9.03966E-2	+1.24589E-1
+8.46500E+2	+1.80847E-1	+9.38039E-2	+1.30003E-1
+8.47000E+2	+1.88644E-1	+9.73793E-2	+1.34669E-1
+8.47500E+2	+1.94778E-1	+1.01104E-1	+1.40596E-1
+8.48000E+2	+1.98120E-1	+1.05258E-1	+1.45852E-1
+8.48500E+2	+2.07718E-1	+1.09907E-1	+1.53180E-1
+8.49000E+2	+2.09839E-1	+1.14915E-1	+1.59942E-1
+8.49500E+2	+2.23816E-1	+1.20249E-1	+1.67726E-1
+8.50000E+2	+2.31400E-1	+1.25916E-1	+1.76008E-1
+8.50500E+2	+2.40601E-1	+1.31984E-1	+1.84425E-1
+8.51000E+2	+2.45270E-1	+1.38449E-1	+1.93826E-1
+8.51500E+2	+2.59064E-1	+1.45328E-1	+2.03355E-1
+8.52000E+2	+2.69897E-1	+1.52599E-1	+2.14057E-1
+8.52500E+2	+2.72812E-1	+1.60601E-1	+2.25331E-1
+8.53000E+2	+2.89536E-1	+1.68898E-1	+2.36951E-1
+8.53500E+2	+3.02399E-1	+1.77065E-1	+2.48361E-1
+8.54000E+2	+3.15628E-1	+1.85319E-1	+2.60522E-1
+8.54500E+2	+3.24158E-1	+1.93131E-1	+2.71469E-1
+8.55000E+2	+3.31848E-1	+2.00210E-1	+2.81789E-1
+8.55500E+2	+3.44833E-1	+2.06771E-1	+2.90768E-1
+8.56000E+2	+3.48068E-1	+2.12643E-1	+2.99243E-1
+8.56500E+2	+3.59650E-1	+2.17969E-1	+3.06658E-1
+8.57000E+2	+3.63785E-1	+2.22825E-1	+3.13176E-1
+8.57500E+2	+3.69736E-1	+2.27145E-1	+3.19755E-1
+8.58000E+2	+3.81134E-1	+2.30712E-1	+3.24588E-1
+8.58500E+2	+3.82370E-1	+2.32761E-1	+3.27741E-1
+8.59000E+2	+3.70850E-1	+2.33134E-1	+3.28111E-1
+8.59500E+2	+3.80295E-1	+2.31949E-1	+3.26603E-1
+8.60000E+2	+3.72086E-1	+2.29462E-1	+3.22937E-1
+8.60500E+2	+3.73093E-1	+2.25886E-1	+3.17526E-1
+8.61000E+2	+3.62823E-1	+2.21303E-1	+3.11893E-1
+8.61500E+2	+3.57468E-1	+2.16617E-1	+3.04775E-1
+8.62000E+2	+3.52432E-1	+2.11884E-1	+2.96867E-1
+8.62500E+2	+3.47412E-1	+2.07999E-1	+2.93008E-1
+8.63000E+2	+3.40820E-1	+2.04467E-1	+2.87091E-1
+8.63500E+2	+3.29361E-1	+2.00568E-1	+2.82379E-1
+8.64000E+2	+3.30048E-1	+1.96377E-1	+2.75146E-1
+8.64500E+2	+3.30246E-1	+1.92130E-1	+2.70461E-1
+8.65000E+2	+3.20648E-1	+1.87763E-1	+2.62728E-1
+8.65500E+2	+3.11386E-1	+1.83221E-1	+2.57735E-1
+8.66000E+2	+3.06931E-1	+1.78315E-1	+2.50069E-1
+8.66500E+2	+2.98798E-1	+1.73840E-1	+2.44282E-1
+8.67000E+2	+2.89169E-1	+1.70130E-1	+2.38487E-1
+8.67500E+2	+2.92328E-1	+1.67121E-1	+2.34926E-1
+8.68000E+2	+2.78351E-1	+1.64901E-1	+2.30647E-1
+8.68500E+2	+2.79510E-1	+1.63013E-1	+2.29058E-1
+8.69000E+2	+2.80624E-1	+1.61211E-1	+2.25567E-1
+8.69500E+2	+2.77161E-1	+1.59505E-1	+2.24068E-1
+8.70000E+2	+2.75803E-1	+1.57740E-1	+2.21174E-1
+8.70500E+2	+2.71439E-1	+1.56046E-1	+2.19151E-1
+8.71000E+2	+2.68723E-1	+1.54092E-1	+2.15643E-1
+8.71500E+2	+2.64816E-1	+1.51879E-1	+2.13207E-1
+8.72000E+2	+2.60040E-1	+1.49394E-1	+2.09694E-1
+8.72500E+2	+2.63412E-1	+1.47330E-1	+2.06732E-1
+8.73000E+2	+2.58972E-1	+1.45553E-1	+2.04184E-1
+8.73500E+2	+2.52350E-1	+1.44032E-1	+2.01982E-1
+8.74000E+2	+2.53036E-1	+1.42881E-1	+1.99936E-1
+8.74500E+2	+2.57187E-1	+1.41849E-1	+1.98575E-1
+8.75000E+2	+2.51816E-1	+1.41025E-1	+1.97755E-1
+8.75500E+2	+2.50992E-1	+1.40368E-1	+1.96813E-1
+8.76000E+2	+2.48215E-1	+1.39875E-1	+1.96111E-1
+8.76500E+2	+2.44232E-1	+1.39492E-1	+1.95569E-1
+8.77000E+2	+2.49847E-1	+1.38679E-1	+1.94406E-1
+8.77500E+2	+2.49435E-1	+1.37339E-1	+1.92483E-1
+8.78000E+2	+2.42722E-1	+1.35630E-1	+1.90053E-1
+8.78500E+2	+2.45773E-1	+1.33760E-1	+1.87389E-1
+8.79000E+2	+2.42889E-1	+1.32142E-1	+1.84887E-1
+8.79500E+2	+2.33246E-1	+1.30479E-1	+1.82691E-1
+8.80000E+2	+2.36389E-1	+1.29374E-1	+1.81126E-1
+8.80500E+2	+2.23740E-1	+1.28186E-1	+1.79421E-1
+8.81000E+2	+2.29599E-1	+1.27913E-1	+1.79000E-1
+8.81500E+2	+2.23190E-1	+1.27422E-1	+1.78336E-1
+8.82000E+2	+2.29233E-1	+1.27560E-1	+1.77444E-1
+8.82500E+2	+2.38464E-1	+1.28207E-1	+1.78327E-1
+8.83000E+2	+2.37976E-1	+1.28834E-1	+1.79233E-1
+8.83500E+2	+2.34283E-1	+1.30025E-1	+1.81760E-1
+8.84000E+2	+2.37320E-1	+1.31209E-1	+1.83375E-1
+8.84500E+2	+2.42523E-1	+1.32028E-1	+1.84768E-1
+8.85000E+2	+2.41348E-1	+1.32240E-1	+1.84769E-1
+8.85500E+2	+2.36435E-1	+1.32489E-1	+1.85174E-1
+8.86000E+2	+2.33597E-1	+1.33222E-1	+1.86402E-1
+8.86500E+2	+2.38632E-1	+1.33939E-1	+1.86866E-1
+8.87000E+2	+2.42187E-1	+1.34420E-1	+1.88333E-1
+8.87500E+2	+2.37320E-1	+1.34689E-1	+1.88677E-1
+8.88000E+2	+2.42447E-1	+1.34767E-1	+1.88736E-1
+8.88500E+2	+2.37259E-1	+1.34637E-1	+1.88626E-1
+8.89000E+2	+2.44949E-1	+1.34417E-1	+1.88257E-1
+8.89500E+2	+2.44507E-1	+1.34204E-1	+1.87900E-1
+8.90000E+2	+2.39136E-1	+1.34284E-1	+1.88096E-1
+8.90500E+2	+2.41470E-1	+1.34387E-1	+1.87936E-1
+8.91000E+2	+2.39136E-1	+1.34847E-1	+1.88565E-1
+8.91500E+2	+2.37625E-1	+1.35668E-1	+1.89742E-1
+8.92000E+2	+2.44415E-1	+1.36831E-1	+1.91741E-1
+8.92500E+2	+2.45132E-1	+1.38242E-1	+1.93745E-1
+8.93000E+2	+2.49054E-1	+1.39514E-1	+1.95521E-1
+8.93500E+2	+2.53052E-1	+1.40516E-1	+1.96668E-1
+8.94000E+2	+2.51953E-1	+1.41464E-1	+1.97588E-1
+8.94500E+2	+2.56439E-1	+1.42133E-1	+1.99101E-1
+8.95000E+2	+2.50412E-1	+1.42451E-1	+1.99346E-1
+8.95500E+2	+2.50717E-1	+1.42578E-1	+1.99349E-1
+8.96000E+2	+2.53159E-1	+1.42585E-1	+1.99924E-1
+8.96500E+2	+2.50519E-1	+1.43005E-1	+1.99628E-1
+8.97000E+2	+2.55341E-1	+1.43723E-1	+2.01361E-1
+8.97500E+2	+2.56409E-1	+1.45002E-1	+2.02851E-1
+8.98000E+2	+2.61368E-1	+1.46604E-1	+2.05599E-1
+8.98500E+2	+2.64496E-1	+1.47886E-1	+2.06440E-1
+8.99000E+2	+2.56607E-1	+1.48493E-1	+2.08382E-1
+8.99500E+2	+2.59613E-1	+1.48550E-1	+2.08167E-1
+9.00000E+2	+2.60559E-1	+1.48576E-1	+2.08012E-1
+9.00500E+2	+2.67776E-1	+1.48618E-1	+2.08381E-1
+9.01000E+2	+2.61581E-1	+1.48566E-1	+2.07275E-1
+9.01500E+2	+2.58118E-1	+1.48700E-1	+2.08398E-1
+9.02000E+2	+2.61749E-1	+1.48912E-1	+2.08312E-1
+9.02500E+2	+2.58545E-1	+1.48859E-1	+2.08594E-1
+9.03000E+2	+2.60132E-1	+1.48483E-1	+2.07762E-1
+9.03500E+2	+2.61765E-1	+1.47703E-1	+2.06940E-1
+9.04000E+2	+2.58972E-1	+1.46675E-1	+2.04916E-1
+9.04500E+2	+2.57828E-1	+1.45116E-1	+2.03465E-1
+9.05000E+2	+2.53693E-1	+1.43507E-1	+2.01152E-1
+9.05500E+2	+2.56653E-1	+1.41667E-1	+1.98499E-1
+9.06000E+2	+2.44171E-1	+1.39725E-1	+1.95704E-1
+9.06500E+2	+2.43515E-1	+1.38111E-1	+1.93424E-1
+9.07000E+2	+2.47589E-1	+1.37745E-1	+1.92278E-1
+9.07500E+2	+2.47635E-1	+1.39400E-1	+1.95274E-1
+9.08000E+2	+2.57156E-1	+1.43673E-1	+2.00526E-1
+9.08500E+2	+2.62375E-1	+1.50451E-1	+2.11148E-1
+9.09000E+2	+2.80106E-1	+1.59782E-1	+2.24038E-1
+9.09500E+2	+2.89917E-1	+1.71149E-1	+2.40533E-1
+9.10000E+2	+3.09540E-1	+1.83655E-1	+2.58096E-1
+9.10500E+2	+3.26202E-1	+1.96336E-1	+2.75918E-1
+9.11000E+2	+3.46832E-1	+2.08352E-1	+2.93014E-1
+9.11500E+2	+3.59070E-1	+2.18951E-1	+3.07437E-1
+9.12000E+2	+3.66806E-1	+2.27808E-1	+3.21013E-1
+9.12500E+2	+3.88596E-1	+2.35058E-1	+3.30658E-1
+9.13000E+2	+3.95844E-1	+2.40950E-1	+3.39635E-1
+9.13500E+2	+3.95584E-1	+2.45603E-1	+3.45663E-1
+9.14000E+2	+3.99750E-1	+2.48821E-1	+3.50921E-1
+9.14500E+2	+4.10095E-1	+2.50601E-1	+3.52897E-1
+9.15000E+2	+4.04144E-1	+2.51549E-1	+3.54776E-1
+9.15500E+2	+4.07074E-1	+2.52673E-1	+3.56192E-1
+9.16000E+2	+4.08737E-1	+2.54191E-1	+3.58389E-1
+9.16500E+2	+4.10461E-1	+2.55907E-1	+3.60098E-1
+9.17000E+2	+4.15756E-1	+2.57508E-1	+3.62598E-1
+9.17500E+2	+4.17450E-1	+2.58997E-1	+3.65113E-1
+9.18000E+2	+4.28421E-1	+2.60988E-1	+3.66633E-1
+9.18500E+2	+4.17557E-1	+2.63987E-1	+3.72426E-1
+9.19000E+2	+4.24438E-1	+2.67967E-1	+3.78071E-1
+9.19500E+2	+4.35349E-1	+2.73314E-1	+3.85636E-1
+9.20000E+2	+4.46686E-1	+2.78924E-1	+3.93283E-1
+9.20500E+2	+4.48563E-1	+2.84885E-1	+4.01712E-1
+9.21000E+2	+4.57870E-1	+2.90183E-1	+4.09544E-1
+9.21500E+2	+4.63165E-1	+2.94458E-1	+4.14783E-1
+9.22000E+2	+4.66690E-1	+2.98405E-1	+4.21206E-1
+9.22500E+2	+4.77875E-1	+3.01566E-1	+4.25674E-1
+9.23000E+2	+4.77005E-1	+3.03486E-1	+4.27393E-1
+9.23500E+2	+4.85962E-1	+3.03736E-1	+4.28782E-1
+9.24000E+2	+4.74213E-1	+3.01332E-1	+4.25344E-1
+9.24500E+2	+4.63699E-1	+2.96456E-1	+4.18463E-1
+9.25000E+2	+4.58801E-1	+2.89676E-1	+4.07912E-1
+9.25500E+2	+4.44717E-1	+2.79861E-1	+3.94957E-1
+9.26000E+2	+4.28024E-1	+2.68291E-1	+3.78530E-1
+9.26500E+2	+4.20303E-1	+2.55684E-1	+3.60525E-1
+9.27000E+2	+3.93021E-1	+2.41641E-1	+3.40228E-1
+9.27500E+2	+3.71185E-1	+2.27000E-1	+3.19078E-1
+9.28000E+2	+3.47458E-1	+2.13473E-1	+3.00767E-1
+9.28500E+2	+3.36166E-1	+2.00806E-1	+2.82614E-1
+9.29000E+2	+3.21518E-1	+1.88578E-1	+2.65169E-1
+9.29500E+2	+3.04016E-1	+1.77451E-1	+2.49596E-1
+9.30000E+2	+2.87125E-1	+1.67760E-1	+2.35560E-1
+9.30500E+2	+2.77130E-1	+1.58053E-1	+2.22003E-1
+9.31000E+2	+2.69913E-1	+1.49530E-1	+2.09341E-1
+9.31500E+2	+2.49359E-1	+1.40986E-1	+1.96993E-1
+9.32000E+2	+2.40479E-1	+1.33685E-1	+1.87242E-1
+9.32500E+2	+2.33414E-1	+1.27190E-1	+1.77563E-1
+9.33000E+2	+2.23984E-1	+1.21408E-1	+1.69390E-1
+9.33500E+2	+2.12601E-1	+1.16155E-1	+1.62044E-1
+9.34000E+2	+2.08038E-1	+1.11361E-1	+1.54577E-1
+9.34500E+2	+1.95770E-1	+1.07210E-1	+1.49358E-1
+9.35000E+2	+1.97189E-1	+1.04025E-1	+1.44629E-1
+9.35500E+2	+1.94412E-1	+1.01543E-1	+1.40861E-1
+9.36000E+2	+1.91711E-1	+1.00172E-1	+1.39260E-1
+9.36500E+2	+1.89713E-1	+9.93781E-2	+1.37996E-1
+9.37000E+2	+1.89377E-1	+9.90311E-2	+1.37623E-1
+9.37500E+2	+1.91864E-1	+9.91095E-2	+1.37746E-1
+9.38000E+2	+1.86584E-1	+9.95475E-2	+1.38116E-1
+9.38500E+2	+1.94366E-1	+1.00748E-1	+1.39191E-1
+9.39000E+2	+1.93985E-1	+1.02593E-1	+1.42748E-1
+9.39500E+2	+2.02164E-1	+1.04782E-1	+1.45566E-1
+9.40000E+2	+2.04590E-1	+1.07695E-1	+1.49203E-1
+9.40500E+2	+2.00058E-1	+1.11203E-1	+1.55076E-1
+9.41000E+2	+2.16385E-1	+1.15486E-1	+1.60850E-1
+9.41500E+2	+2.20825E-1	+1.20620E-1	+1.68245E-1
+9.42000E+2	+2.25983E-1	+1.26367E-1	+1.76800E-1
+9.42500E+2	+2.33185E-1	+1.31997E-1	+1.84615E-1
+9.43000E+2	+2.44720E-1	+1.38505E-1	+1.94002E-1
+9.43500E+2	+2.55493E-1	+1.45005E-1	+2.03098E-1
+9.44000E+2	+2.66693E-1	+1.52987E-1	+2.14791E-1
+9.44500E+2	+2.78000E-1	+1.61009E-1	+2.26203E-1
+9.45000E+2	+2.93823E-1	+1.69806E-1	+2.38715E-1
+9.45500E+2	+3.05298E-1	+1.78648E-1	+2.50846E-1
+9.46000E+2	+3.15277E-1	+1.88865E-1	+2.64147E-1
+9.46500E+2	+3.27835E-1	+1.99048E-1	+2.80280E-1
+9.47000E+2	+3.49625E-1	+2.09706E-1	+2.95436E-1
+9.47500E+2	+3.52524E-1	+2.19978E-1	+3.09515E-1
+9.48000E+2	+3.79257E-1	+2.30453E-1	+3.24881E-1
+9.48500E+2	+3.87329E-1	+2.40923E-1	+3.39715E-1
+9.49000E+2	+4.08249E-1	+2.52101E-1	+3.55574E-1
+9.49500E+2	+4.17603E-1	+2.63811E-1	+3.72158E-1
+9.50000E+2	+4.42444E-1	+2.75746E-1	+3.89080E-1
+9.50500E+2	+4.53552E-1	+2.86596E-1	+4.04454E-1
+9.51000E+2	+4.69696E-1	+2.96182E-1	+4.18045E-1
+9.51500E+2	+4.79294E-1	+3.03713E-1	+4.28735E-1
+9.52000E+2	+4.84467E-1	+3.09581E-1	+4.37045E-1
+9.52500E+2	+4.94385E-1	+3.13801E-1	+4.43008E-1
+9.53000E+2	+4.93576E-1	+3.16820E-1	+4.47297E-1
+9.53500E+2	+4.98138E-1	+3.18817E-1	+4.50142E-1
+9.54000E+2	+5.04242E-1	+3.19826E-1	+4.51533E-1
+9.54500E+2	+4.98810E-1	+3.19938E-1	+4.51369E-1
+9.55000E+2	+4.98672E-1	+3.19323E-1	+4.50014E-1
+9.55500E+2	+4.96582E-1	+3.18713E-1	+4.49994E-1
+9.56000E+2	+4.97101E-1	+3.19021E-1	+4.50212E-1
+9.56500E+2	+5.01266E-1	+3.20372E-1	+4.52339E-1
+9.57000E+2	+5.04272E-1	+3.22297E-1	+4.55028E-1
+9.57500E+2	+5.03342E-1	+3.24532E-1	+4.58200E-1
+9.58000E+2	+5.16251E-1	+3.26912E-1	+4.61566E-1
+9.58500E+2	+5.11597E-1	+3.29147E-1	+4.64753E-1
+9.59000E+2	+5.21851E-1	+3.31283E-1	+4.67580E-1
+9.59500E+2	+5.21378E-1	+3.33457E-1	+4.69750E-1
+9.60000E+2	+5.19623E-1	+3.35825E-1	+4.73121E-1
+9.60500E+2	+5.29587E-1	+3.37652E-1	+4.76808E-1
+9.61000E+2	+5.28015E-1	+3.39047E-1	+4.78502E-1
+9.61500E+2	+5.38101E-1	+3.39665E-1	+4.78945E-1
+9.62000E+2	+5.30136E-1	+3.39414E-1	+4.79289E-1
+9.62500E+2	+5.30121E-1	+3.37949E-1	+4.77234E-1
+9.63000E+2	+5.26947E-1	+3.35699E-1	+4.73007E-1
+9.63500E+2	+5.16586E-1	+3.32932E-1	+4.69267E-1
+9.64000E+2	+5.16678E-1	+3.29610E-1	+4.65417E-1
+9.64500E+2	+5.07996E-1	+3.24449E-1	+4.57386E-1
+9.65000E+2	+5.02487E-1	+3.18451E-1	+4.48075E-1
+9.65500E+2	+4.90326E-1	+3.11478E-1	+4.39698E-1
+9.66000E+2	+4.81705E-1	+3.04425E-1	+4.29017E-1
+9.66500E+2	+4.72885E-1	+2.98031E-1	+4.20604E-1
+9.67000E+2	+4.62296E-1	+2.91573E-1	+4.10850E-1
+9.67500E+2	+4.52179E-1	+2.85818E-1	+4.03368E-1
+9.68000E+2	+4.46121E-1	+2.79966E-1	+3.95083E-1
+9.68500E+2	+4.39255E-1	+2.74222E-1	+3.86696E-1
+9.69000E+2	+4.34570E-1	+2.69192E-1	+3.78583E-1
+9.69500E+2	+4.15955E-1	+2.63727E-1	+3.71720E-1
+9.70000E+2	+4.08112E-1	+2.58958E-1	+3.64475E-1
+9.70500E+2	+4.12766E-1	+2.54370E-1	+3.58292E-1
+9.71000E+2	+4.01474E-1	+2.49752E-1	+3.51648E-1
+9.71500E+2	+3.98651E-1	+2.45689E-1	+3.45779E-1
+9.72000E+2	+3.98437E-1	+2.42079E-1	+3.40747E-1
+9.72500E+2	+3.92548E-1	+2.38384E-1	+3.35036E-1
+9.73000E+2	+3.85300E-1	+2.34203E-1	+3.28855E-1
+9.73500E+2	+3.80173E-1	+2.29819E-1	+3.23761E-1
+9.74000E+2	+3.69446E-1	+2.25486E-1	+3.16977E-1
+9.74500E+2	+3.57666E-1	+2.21450E-1	+3.12013E-1
+9.75000E+2	+3.61618E-1	+2.17608E-1	+3.05309E-1
+9.75500E+2	+3.55743E-1	+2.14080E-1	+3.01132E-1
+9.76000E+2	+3.51868E-1	+2.10834E-1	+2.95806E-1
+9.76500E+2	+3.46329E-1	+2.07809E-1	+2.91686E-1
+9.77000E+2	+3.48053E-1	+2.04942E-1	+2.88536E-1
+9.77500E+2	+3.40103E-1	+2.02244E-1	+2.84017E-1
+9.78000E+2	+3.33344E-1	+1.99665E-1	+2.81122E-1
+9.78500E+2	+3.30627E-1	+1.97122E-1	+2.76832E-1
+9.79000E+2	+3.27209E-1	+1.94734E-1	+2.73635E-1
+9.79500E+2	+3.22159E-1	+1.92452E-1	+2.69871E-1
+9.80000E+2	+3.20633E-1	+1.90275E-1	+2.67515E-1
+9.80500E+2	+3.19321E-1	+1.88144E-1	+2.64498E-1
+9.81000E+2	+3.15689E-1	+1.86129E-1	+2.61311E-1
+9.81500E+2	+3.09891E-1	+1.84551E-1	+2.59667E-1
+9.82000E+2	+3.14880E-1	+1.82844E-1	+2.56426E-1
+9.82500E+2	+3.09052E-1	+1.81191E-1	+2.54542E-1
+9.83000E+2	+3.05069E-1	+1.79588E-1	+2.52076E-1
+9.83500E+2	+3.03680E-1	+1.78097E-1	+2.49891E-1
+9.84000E+2	+2.98874E-1	+1.76580E-1	+2.48107E-1
+9.84500E+2	+2.98523E-1	+1.74917E-1	+2.44798E-1
+9.85000E+2	+2.96722E-1	+1.73333E-1	+2.43690E-1
+9.85500E+2	+2.97684E-1	+1.72055E-1	+2.41221E-1
+9.86000E+2	+2.97668E-1	+1.70809E-1	+2.39787E-1
+9.86500E+2	+2.92984E-1	+1.69552E-1	+2.37845E-1
+9.87000E+2	+2.84515E-1	+1.68507E-1	+2.36290E-1
+9.87500E+2	+2.90527E-1	+1.67565E-1	+2.35527E-1
+9.88000E+2	+2.90237E-1	+1.66739E-1	+2.33547E-1
+9.88500E+2	+2.91809E-1	+1.65849E-1	+2.32384E-1
+9.89000E+2	+2.82745E-1	+1.65090E-1	+2.31541E-1
+9.89500E+2	+2.81387E-1	+1.64175E-1	+2.30146E-1
+9.90000E+2	+2.83340E-1	+1.63273E-1	+2.28756E-1
+9.90500E+2	+2.83340E-1	+1.62446E-1	+2.27375E-1
+9.91000E+2	+2.79266E-1	+1.61778E-1	+2.26934E-1
+9.91500E+2	+2.83035E-1	+1.61123E-1	+2.25595E-1
+9.92000E+2	+2.73453E-1	+1.60304E-1	+2.24746E-1
+9.92500E+2	+2.74139E-1	+1.59429E-1	+2.23429E-1
+9.93000E+2	+2.79831E-1	+1.58686E-1	+2.22677E-1
+9.93500E+2	+2.74918E-1	+1.58018E-1	+2.21291E-1
+9.94000E+2	+2.73209E-1	+1.57341E-1	+2.20445E-1
+9.94500E+2	+2.74719E-1	+1.56792E-1	+2.19615E-1
+9.95000E+2	+2.71011E-1	+1.56180E-1	+2.18820E-1
+9.95500E+2	+2.70462E-1	+1.55577E-1	+2.18067E-1
+9.96000E+2	+2.67197E-1	+1.55170E-1	+2.16251E-1
+9.96500E+2	+2.72034E-1	+1.54674E-1	+2.16955E-1
+9.97000E+2	+2.68631E-1	+1.54412E-1	+2.16169E-1
+9.97500E+2	+2.70599E-1	+1.54338E-1	+2.16380E-1
+9.98000E+2	+2.71423E-1	+1.54285E-1	+2.16597E-1
+9.98500E+2	+2.71545E-1	+1.53958E-1	+2.15632E-1
+9.99000E+2	+2.71927E-1	+1.53944E-1	+2.16099E-1
+9.99500E+2	+2.65320E-1	+1.53437E-1	+2.14715E-1
+1.00000E+3	+2.75360E-1	+1.54112E-1	+2.15435E-1
