+2.00000E+2	+8.02765E-2	+2.40321E-2	+2.34112E-2
+2.00500E+2	+8.36182E-2	+2.40909E-2	+2.35697E-2
+2.01000E+2	+8.09479E-2	+2.41584E-2	+2.37435E-2
+2.01500E+2	+7.99713E-2	+2.42514E-2	+2.39097E-2
+2.02000E+2	+8.08411E-2	+2.43212E-2	+2.40492E-2
+2.02500E+2	+7.81250E-2	+2.43990E-2	+2.41811E-2
+2.03000E+2	+8.24738E-2	+2.44824E-2	+2.43367E-2
+2.03500E+2	+8.38928E-2	+2.45393E-2	+2.44793E-2
+2.04000E+2	+8.02917E-2	+2.46571E-2	+2.46251E-2
+2.04500E+2	+8.30841E-2	+2.46946E-2	+2.47383E-2
+2.05000E+2	+8.30841E-2	+2.47680E-2	+2.48613E-2
+2.05500E+2	+8.51898E-2	+2.47866E-2	+2.49560E-2
+2.06000E+2	+8.68988E-2	+2.48888E-2	+2.50992E-2
+2.06500E+2	+8.15887E-2	+2.49704E-2	+2.52535E-2
+2.07000E+2	+7.95135E-2	+2.50120E-2	+2.54084E-2
+2.07500E+2	+8.60596E-2	+2.51365E-2	+2.56036E-2
+2.08000E+2	+8.38623E-2	+2.52282E-2	+2.58571E-2
+2.08500E+2	+7.67975E-2	+2.53171E-2	+2.59474E-2
+2.09000E+2	+8.06427E-2	+2.54470E-2	+2.61983E-2
+2.09500E+2	+8.49915E-2	+2.55080E-2	+2.63811E-2
+2.10000E+2	+7.96509E-2	+2.55998E-2	+2.65271E-2
+2.10500E+2	+8.43048E-2	+2.56874E-2	+2.67009E-2
+2.11000E+2	+8.45490E-2	+2.57706E-2	+2.68596E-2
+2.11500E+2	+8.16040E-2	+2.58417E-2	+2.70388E-2
+2.12000E+2	+8.55560E-2	+2.59505E-2	+2.71840E-2
+2.12500E+2	+8.25958E-2	+2.60122E-2	+2.73467E-2
+2.13000E+2	+8.25958E-2	+2.60966E-2	+2.75152E-2
+2.13500E+2	+8.38623E-2	+2.61754E-2	+2.76658E-2
+2.14000E+2	+8.65631E-2	+2.62798E-2	+2.78530E-2
+2.14500E+2	+8.70209E-2	+2.63640E-2	+2.80818E-2
+2.15000E+2	+8.54797E-2	+2.65074E-2	+2.83233E-2
+2.15500E+2	+9.03168E-2	+2.66417E-2	+2.85877E-2
+2.16000E+2	+8.62579E-2	+2.67582E-2	+2.88632E-2
+2.16500E+2	+8.60138E-2	+2.69545E-2	+2.92053E-2
+2.17000E+2	+8.34351E-2	+2.71890E-2	+2.96269E-2
+2.17500E+2	+8.63800E-2	+2.73646E-2	+3.00530E-2
+2.18000E+2	+8.51135E-2	+2.76358E-2	+3.05227E-2
+2.18500E+2	+9.12323E-2	+2.78997E-2	+3.09958E-2
+2.19000E+2	+8.28705E-2	+2.81480E-2	+3.14148E-2
+2.19500E+2	+8.49609E-2	+2.84638E-2	+3.17828E-2
+2.20000E+2	+8.85468E-2	+2.85112E-2	+3.21041E-2
+2.20500E+2	+8.54340E-2	+2.86839E-2	+3.24348E-2
+2.21000E+2	+8.82416E-2	+2.88485E-2	+3.27428E-2
+2.21500E+2	+9.06372E-2	+2.90481E-2	+3.31295E-2
+2.22000E+2	+9.53827E-2	+2.92537E-2	+3.34736E-2
+2.22500E+2	+9.05762E-2	+2.94660E-2	+3.38007E-2
+2.23000E+2	+9.45282E-2	+2.96089E-2	+3.40980E-2
+2.23500E+2	+9.14154E-2	+2.97597E-2	+3.43180E-2
+2.24000E+2	+9.03320E-2	+2.98974E-2	+3.45369E-2
+2.24500E+2	+8.90198E-2	+3.00488E-2	+3.47675E-2
+2.25000E+2	+9.37347E-2	+3.01953E-2	+3.50671E-2
+2.25500E+2	+8.82416E-2	+3.03879E-2	+3.53242E-2
+2.26000E+2	+8.96454E-2	+3.05399E-2	+3.56495E-2
+2.26500E+2	+9.05914E-2	+3.07178E-2	+3.59380E-2
+2.27000E+2	+9.31396E-2	+3.09066E-2	+3.62299E-2
+2.27500E+2	+9.38416E-2	+3.10661E-2	+3.65068E-2
+2.28000E+2	+8.83026E-2	+3.12124E-2	+3.67736E-2
+2.28500E+2	+9.12933E-2	+3.13710E-2	+3.70150E-2
+2.29000E+2	+9.25903E-2	+3.14810E-2	+3.72223E-2
+2.29500E+2	+9.77173E-2	+3.16127E-2	+3.74280E-2
+2.30000E+2	+9.07898E-2	+3.17082E-2	+3.75517E-2
+2.30500E+2	+8.78296E-2	+3.17812E-2	+3.77140E-2
+2.31000E+2	+9.21936E-2	+3.18699E-2	+3.78604E-2
+2.31500E+2	+9.56879E-2	+3.19948E-2	+3.80097E-2
+2.32000E+2	+9.14307E-2	+3.21021E-2	+3.82131E-2
+2.32500E+2	+9.26971E-2	+3.22566E-2	+3.84574E-2
+2.33000E+2	+9.97620E-2	+3.24233E-2	+3.87743E-2
+2.33500E+2	+9.67255E-2	+3.26135E-2	+3.90925E-2
+2.34000E+2	+9.26971E-2	+3.28071E-2	+3.94065E-2
+2.34500E+2	+9.41467E-2	+3.30430E-2	+3.97901E-2
+2.35000E+2	+9.53369E-2	+3.32438E-2	+4.00757E-2
+2.35500E+2	+9.73053E-2	+3.35292E-2	+4.05435E-2
+2.36000E+2	+9.66034E-2	+3.38360E-2	+4.10857E-2
+2.36500E+2	+1.01318E-1	+3.42343E-2	+4.17184E-2
+2.37000E+2	+9.81750E-2	+3.45678E-2	+4.22869E-2
+2.37500E+2	+1.04156E-1	+3.48881E-2	+4.27536E-2
+2.38000E+2	+9.78851E-2	+3.50856E-2	+4.30741E-2
+2.38500E+2	+1.03180E-1	+3.53054E-2	+4.34769E-2
+2.39000E+2	+9.59167E-2	+3.55274E-2	+4.38039E-2
+2.39500E+2	+1.05164E-1	+3.57206E-2	+4.41523E-2
+2.40000E+2	+1.01837E-1	+3.59502E-2	+4.45048E-2
+2.40500E+2	+9.84650E-2	+3.62071E-2	+4.48984E-2
+2.41000E+2	+9.66644E-2	+3.64309E-2	+4.52727E-2
+2.41500E+2	+9.88159E-2	+3.66406E-2	+4.55841E-2
+2.42000E+2	+1.06262E-1	+3.68343E-2	+4.59076E-2
+2.42500E+2	+1.03241E-1	+3.70461E-2	+4.62211E-2
+2.43000E+2	+9.77325E-2	+3.72132E-2	+4.64635E-2
+2.43500E+2	+1.04446E-1	+3.73830E-2	+4.67640E-2
+2.44000E+2	+1.06339E-1	+3.75486E-2	+4.70272E-2
+2.44500E+2	+1.03271E-1	+3.78550E-2	+4.73302E-2
+2.45000E+2	+1.05713E-1	+3.79206E-2	+4.76216E-2
+2.45500E+2	+1.11130E-1	+3.81291E-2	+4.79429E-2
+2.46000E+2	+1.08124E-1	+3.83718E-2	+4.83212E-2
+2.46500E+2	+1.09085E-1	+3.86750E-2	+4.87417E-2
+2.47000E+2	+1.05301E-1	+3.89283E-2	+4.91805E-2
+2.47500E+2	+1.05560E-1	+3.91943E-2	+4.96183E-2
+2.48000E+2	+1.02325E-1	+3.95372E-2	+5.01224E-2
+2.48500E+2	+1.06964E-1	+3.98223E-2	+5.05700E-2
+2.49000E+2	+1.09085E-1	+4.02016E-2	+5.11665E-2
+2.49500E+2	+1.10489E-1	+4.05441E-2	+5.16979E-2
+2.50000E+2	+1.09940E-1	+4.09158E-2	+5.22744E-2
+2.50500E+2	+1.05301E-1	+4.12672E-2	+5.28034E-2
+2.51000E+2	+1.11816E-1	+4.15483E-2	+5.32702E-2
+2.51500E+2	+1.10306E-1	+4.19018E-2	+5.37896E-2
+2.52000E+2	+1.08780E-1	+4.22522E-2	+5.43322E-2
+2.52500E+2	+1.20941E-1	+4.26196E-2	+5.49090E-2
+2.53000E+2	+1.12595E-1	+4.30485E-2	+5.55495E-2
+2.53500E+2	+1.14563E-1	+4.35070E-2	+5.62387E-2
+2.54000E+2	+1.09390E-1	+4.39016E-2	+5.68438E-2
+2.54500E+2	+1.10962E-1	+4.43435E-2	+5.75249E-2
+2.55000E+2	+1.16440E-1	+4.47624E-2	+5.81767E-2
+2.55500E+2	+1.14166E-1	+4.52232E-2	+5.88511E-2
+2.56000E+2	+1.14304E-1	+4.56784E-2	+5.95208E-2
+2.56500E+2	+1.16776E-1	+4.60767E-2	+6.01399E-2
+2.57000E+2	+1.21674E-1	+4.64825E-2	+6.07714E-2
+2.57500E+2	+1.19232E-1	+4.68335E-2	+6.12711E-2
+2.58000E+2	+1.18698E-1	+4.71579E-2	+6.17474E-2
+2.58500E+2	+1.19431E-1	+4.74151E-2	+6.21231E-2
+2.59000E+2	+1.17279E-1	+4.76552E-2	+6.24543E-2
+2.59500E+2	+1.23199E-1	+4.78533E-2	+6.27831E-2
+2.60000E+2	+1.18149E-1	+4.81760E-2	+6.32277E-2
+2.60500E+2	+1.19843E-1	+4.85016E-2	+6.36993E-2
+2.61000E+2	+1.22543E-1	+4.88833E-2	+6.42756E-2
+2.61500E+2	+1.23840E-1	+4.92767E-2	+6.48617E-2
+2.62000E+2	+1.22437E-1	+4.97409E-2	+6.55260E-2
+2.62500E+2	+1.23352E-1	+5.01709E-2	+6.61541E-2
+2.63000E+2	+1.18896E-1	+5.06671E-2	+6.69080E-2
+2.63500E+2	+1.23611E-1	+5.12996E-2	+6.78063E-2
+2.64000E+2	+1.24481E-1	+5.19511E-2	+6.87426E-2
+2.64500E+2	+1.26389E-1	+5.26523E-2	+6.97751E-2
+2.65000E+2	+1.29059E-1	+5.33586E-2	+7.08042E-2
+2.65500E+2	+1.28235E-1	+5.41984E-2	+7.20300E-2
+2.66000E+2	+1.28235E-1	+5.50525E-2	+7.32666E-2
+2.66500E+2	+1.30829E-1	+5.59381E-2	+7.45211E-2
+2.67000E+2	+1.29120E-1	+5.69580E-2	+7.60285E-2
+2.67500E+2	+1.27625E-1	+5.75851E-2	+7.68992E-2
+2.68000E+2	+1.37634E-1	+5.87765E-2	+7.86280E-2
+2.68500E+2	+1.43005E-1	+5.95860E-2	+7.97713E-2
+2.69000E+2	+1.40930E-1	+6.04240E-2	+8.09748E-2
+2.69500E+2	+1.40472E-1	+6.14997E-2	+8.24352E-2
+2.70000E+2	+1.44669E-1	+6.25459E-2	+8.40461E-2
+2.70500E+2	+1.48773E-1	+6.36353E-2	+8.56572E-2
+2.71000E+2	+1.43799E-1	+6.45556E-2	+8.69869E-2
+2.71500E+2	+1.44943E-1	+6.53670E-2	+8.81822E-2
+2.72000E+2	+1.45386E-1	+6.62050E-2	+8.94400E-2
+2.72500E+2	+1.46881E-1	+6.70804E-2	+9.07192E-2
+2.73000E+2	+1.47751E-1	+6.79784E-2	+9.20808E-2
+2.73500E+2	+1.47003E-1	+6.88593E-2	+9.34160E-2
+2.74000E+2	+1.51062E-1	+6.98447E-2	+9.49057E-2
+2.74500E+2	+1.50085E-1	+7.08687E-2	+9.64591E-2
+2.75000E+2	+1.56860E-1	+7.19896E-2	+9.81571E-2
+2.75500E+2	+1.56586E-1	+7.31524E-2	+9.99032E-2
+2.76000E+2	+1.60309E-1	+7.43849E-2	+1.01767E-1
+2.76500E+2	+1.60950E-1	+7.56826E-2	+1.03663E-1
+2.77000E+2	+1.62384E-1	+7.69702E-2	+1.05595E-1
+2.77500E+2	+1.64978E-1	+7.82928E-2	+1.07548E-1
+2.78000E+2	+1.65405E-1	+7.96975E-2	+1.09623E-1
+2.78500E+2	+1.62231E-1	+8.12115E-2	+1.11822E-1
+2.79000E+2	+1.70547E-1	+8.28547E-2	+1.14246E-1
+2.79500E+2	+1.71356E-1	+8.45600E-2	+1.16746E-1
+2.80000E+2	+1.69815E-1	+8.63423E-2	+1.19322E-1
+2.80500E+2	+1.76132E-1	+8.81297E-2	+1.21898E-1
+2.81000E+2	+1.79810E-1	+8.98641E-2	+1.24421E-1
+2.81500E+2	+1.76620E-1	+9.16952E-2	+1.27087E-1
+2.82000E+2	+1.81274E-1	+9.34840E-2	+1.29716E-1
+2.82500E+2	+1.85349E-1	+9.54203E-2	+1.32506E-1
+2.83000E+2	+1.90430E-1	+9.72958E-2	+1.35225E-1
+2.83500E+2	+1.86234E-1	+9.92415E-2	+1.38024E-1
+2.84000E+2	+1.95435E-1	+1.01142E-1	+1.40741E-1
+2.84500E+2	+1.98822E-1	+1.02888E-1	+1.43262E-1
+2.85000E+2	+1.98303E-1	+1.04427E-1	+1.45469E-1
+2.85500E+2	+1.96869E-1	+1.05697E-1	+1.47304E-1
+2.86000E+2	+2.02423E-1	+1.06631E-1	+1.48651E-1
+2.86500E+2	+2.03308E-1	+1.07128E-1	+1.49348E-1
+2.87000E+2	+2.03552E-1	+1.07234E-1	+1.49506E-1
+2.87500E+2	+2.08481E-1	+1.06972E-1	+1.49117E-1
+2.88000E+2	+2.07870E-1	+1.06616E-1	+1.48626E-1
+2.88500E+2	+2.03964E-1	+1.07491E-1	+1.49859E-1
+2.89000E+2	+2.07443E-1	+1.10318E-1	+1.53947E-1
+2.89500E+2	+2.15393E-1	+1.13597E-1	+1.58620E-1
+2.90000E+2	+2.21344E-1	+1.16128E-1	+1.62266E-1
+2.90500E+2	+2.16171E-1	+1.17902E-1	+1.64818E-1
+2.91000E+2	+2.22977E-1	+1.18916E-1	+1.66264E-1
+2.91500E+2	+2.22900E-1	+1.19273E-1	+1.66789E-1
+2.92000E+2	+2.18811E-1	+1.18844E-1	+1.66168E-1
+2.92500E+2	+2.17850E-1	+1.17562E-1	+1.64330E-1
+2.93000E+2	+2.19177E-1	+1.15497E-1	+1.61373E-1
+2.93500E+2	+2.14020E-1	+1.12673E-1	+1.57305E-1
+2.94000E+2	+2.11624E-1	+1.09271E-1	+1.52467E-1
+2.94500E+2	+1.98181E-1	+1.05881E-1	+1.47570E-1
+2.95000E+2	+1.97861E-1	+1.03242E-1	+1.43807E-1
+2.95500E+2	+1.93848E-1	+1.02121E-1	+1.42196E-1
+2.96000E+2	+1.94809E-1	+1.02315E-1	+1.42466E-1
+2.96500E+2	+1.96045E-1	+1.02837E-1	+1.43184E-1
+2.97000E+2	+2.00150E-1	+1.03023E-1	+1.43472E-1
+2.97500E+2	+2.01691E-1	+1.02827E-1	+1.43188E-1
+2.98000E+2	+1.93771E-1	+1.02599E-1	+1.42829E-1
+2.98500E+2	+1.96106E-1	+1.02436E-1	+1.42599E-1
+2.99000E+2	+1.95267E-1	+1.02142E-1	+1.42208E-1
+2.99500E+2	+1.96594E-1	+1.01635E-1	+1.41473E-1
+3.00000E+2	+1.94626E-1	+1.00929E-1	+1.40410E-1
+3.00500E+2	+1.95541E-1	+9.99378E-2	+1.38994E-1
+3.01000E+2	+1.90979E-1	+9.87764E-2	+1.37336E-1
+3.01500E+2	+1.89484E-1	+9.73356E-2	+1.35260E-1
+3.02000E+2	+1.88019E-1	+9.57050E-2	+1.32917E-1
+3.02500E+2	+1.94199E-1	+9.38383E-2	+1.30224E-1
+3.03000E+2	+1.81625E-1	+9.18631E-2	+1.27416E-1
+3.03500E+2	+1.86234E-1	+8.97243E-2	+1.24320E-1
+3.04000E+2	+1.75781E-1	+8.75569E-2	+1.21189E-1
+3.04500E+2	+1.72974E-1	+8.53028E-2	+1.17953E-1
+3.05000E+2	+1.68610E-1	+8.29399E-2	+1.14529E-1
+3.05500E+2	+1.61026E-1	+8.04673E-2	+1.10928E-1
+3.06000E+2	+1.65375E-1	+7.80345E-2	+1.07389E-1
+3.06500E+2	+1.60065E-1	+7.56718E-2	+1.03958E-1
+3.07000E+2	+1.58554E-1	+7.33029E-2	+1.00551E-1
+3.07500E+2	+1.52802E-1	+7.10399E-2	+9.72167E-2
+3.08000E+2	+1.49658E-1	+6.89505E-2	+9.41698E-2
+3.08500E+2	+1.46301E-1	+6.70199E-2	+9.13580E-2
+3.09000E+2	+1.44012E-1	+6.52583E-2	+8.87876E-2
+3.09500E+2	+1.41266E-1	+6.36484E-2	+8.64169E-2
+3.10000E+2	+1.37604E-1	+6.20217E-2	+8.40229E-2
+3.10500E+2	+1.37909E-1	+6.03661E-2	+8.15822E-2
+3.11000E+2	+1.32996E-1	+5.87415E-2	+7.92000E-2
+3.11500E+2	+1.30844E-1	+5.71569E-2	+7.68424E-2
+3.12000E+2	+1.30249E-1	+5.57251E-2	+7.47071E-2
+3.12500E+2	+1.30432E-1	+5.42983E-2	+7.25842E-2
+3.13000E+2	+1.25671E-1	+5.30501E-2	+7.07288E-2
+3.13500E+2	+1.28006E-1	+5.19747E-2	+6.90943E-2
+3.14000E+2	+1.21521E-1	+5.10630E-2	+6.77373E-2
+3.14500E+2	+1.18576E-1	+5.02962E-2	+6.65599E-2
+3.15000E+2	+1.22162E-1	+4.96729E-2	+6.56637E-2
+3.15500E+2	+1.20270E-1	+4.91417E-2	+6.48692E-2
+3.16000E+2	+1.18698E-1	+4.87324E-2	+6.42585E-2
+3.16500E+2	+1.19980E-1	+4.84693E-2	+6.38453E-2
+3.17000E+2	+1.17355E-1	+4.83642E-2	+6.36703E-2
+3.17500E+2	+1.18225E-1	+4.83765E-2	+6.37032E-2
+3.18000E+2	+1.25320E-1	+4.84870E-2	+6.38799E-2
+3.18500E+2	+1.22818E-1	+4.86575E-2	+6.41272E-2
+3.19000E+2	+1.20361E-1	+4.88296E-2	+6.44161E-2
+3.19500E+2	+1.21155E-1	+4.91298E-2	+6.47087E-2
+3.20000E+2	+1.19141E-1	+4.91192E-2	+6.48349E-2
+3.20500E+2	+1.18134E-1	+4.90888E-2	+6.47885E-2
+3.21000E+2	+1.20422E-1	+4.88742E-2	+6.44663E-2
+3.21500E+2	+1.20163E-1	+4.86876E-2	+6.41845E-2
+3.22000E+2	+1.23581E-1	+4.83935E-2	+6.37313E-2
+3.22500E+2	+1.15524E-1	+4.81211E-2	+6.33106E-2
+3.23000E+2	+1.21307E-1	+4.77997E-2	+6.28256E-2
+3.23500E+2	+1.16623E-1	+4.73919E-2	+6.22320E-2
+3.24000E+2	+1.12473E-1	+4.69288E-2	+6.14624E-2
+3.24500E+2	+1.15417E-1	+4.64371E-2	+6.07651E-2
+3.25000E+2	+1.15494E-1	+4.59168E-2	+5.99479E-2
+3.25500E+2	+1.10504E-1	+4.52893E-2	+5.90228E-2
+3.26000E+2	+1.15402E-1	+4.47052E-2	+5.81179E-2
+3.26500E+2	+1.09589E-1	+4.41391E-2	+5.72571E-2
+3.27000E+2	+1.07849E-1	+4.35407E-2	+5.63368E-2
+3.27500E+2	+1.14197E-1	+4.29551E-2	+5.54152E-2
+3.28000E+2	+1.09726E-1	+4.23956E-2	+5.45591E-2
+3.28500E+2	+1.10870E-1	+4.18419E-2	+5.37007E-2
+3.29000E+2	+1.06705E-1	+4.13381E-2	+5.28865E-2
+3.29500E+2	+1.08505E-1	+4.08294E-2	+5.20725E-2
+3.30000E+2	+1.07132E-1	+4.03820E-2	+5.13671E-2
+3.30500E+2	+1.07132E-1	+3.99249E-2	+5.06828E-2
+3.31000E+2	+1.08139E-1	+3.95468E-2	+5.00731E-2
+3.31500E+2	+1.07895E-1	+3.92367E-2	+4.95953E-2
+3.32000E+2	+1.05042E-1	+3.89806E-2	+4.91548E-2
+3.32500E+2	+1.02066E-1	+3.85596E-2	+4.85136E-2
+3.33000E+2	+1.05865E-1	+3.80997E-2	+4.77445E-2
+3.33500E+2	+1.04050E-1	+3.75706E-2	+4.69254E-2
+3.34000E+2	+1.00616E-1	+3.70886E-2	+4.61540E-2
+3.34500E+2	+1.06232E-1	+3.66705E-2	+4.54959E-2
+3.35000E+2	+1.02066E-1	+3.63265E-2	+4.49430E-2
+3.35500E+2	+9.92279E-2	+3.59225E-2	+4.43161E-2
+3.36000E+2	+9.98535E-2	+3.56189E-2	+4.38261E-2
+3.36500E+2	+9.68781E-2	+3.54035E-2	+4.34186E-2
+3.37000E+2	+9.56879E-2	+3.51209E-2	+4.30152E-2
+3.37500E+2	+9.77936E-2	+3.49086E-2	+4.26226E-2
+3.38000E+2	+9.93805E-2	+3.46751E-2	+4.22313E-2
+3.38500E+2	+9.66034E-2	+3.43733E-2	+4.15950E-2
+3.39000E+2	+9.90906E-2	+3.41475E-2	+4.14342E-2
+3.39500E+2	+9.64050E-2	+3.38774E-2	+4.09229E-2
+3.40000E+2	+9.51385E-2	+3.36234E-2	+4.05184E-2
+3.40500E+2	+9.82819E-2	+3.33816E-2	+4.01406E-2
+3.41000E+2	+9.35364E-2	+3.30845E-2	+3.96528E-2
+3.41500E+2	+9.64050E-2	+3.26426E-2	+3.89046E-2
+3.42000E+2	+9.36737E-2	+3.21510E-2	+3.80911E-2
+3.42500E+2	+8.84552E-2	+3.18233E-2	+3.75381E-2
+3.43000E+2	+9.46045E-2	+3.16077E-2	+3.71585E-2
+3.43500E+2	+9.55963E-2	+3.13868E-2	+3.67569E-2
+3.44000E+2	+9.00879E-2	+3.11658E-2	+3.64262E-2
+3.44500E+2	+8.95996E-2	+3.11144E-2	+3.61205E-2
+3.45000E+2	+9.23462E-2	+3.08180E-2	+3.57895E-2
+3.45500E+2	+9.40857E-2	+3.06181E-2	+3.54951E-2
+3.46000E+2	+9.26208E-2	+3.04797E-2	+3.52367E-2
+3.46500E+2	+9.25903E-2	+3.02981E-2	+3.48770E-2
+3.47000E+2	+9.22699E-2	+3.00576E-2	+3.44779E-2
+3.47500E+2	+9.25598E-2	+2.98371E-2	+3.40900E-2
+3.48000E+2	+9.21173E-2	+2.95825E-2	+3.36957E-2
+3.48500E+2	+8.78296E-2	+2.94095E-2	+3.33187E-2
+3.49000E+2	+9.07135E-2	+2.91629E-2	+3.28966E-2
+3.49500E+2	+8.94928E-2	+2.89302E-2	+3.25301E-2
+3.50000E+2	+8.69141E-2	+2.86934E-2	+3.21062E-2
+3.50500E+2	+9.06067E-2	+2.84763E-2	+3.17075E-2
+3.51000E+2	+8.62885E-2	+2.82804E-2	+3.13639E-2
+3.51500E+2	+8.52966E-2	+2.80987E-2	+3.10073E-2
+3.52000E+2	+8.71429E-2	+2.79416E-2	+3.07077E-2
+3.52500E+2	+8.75549E-2	+2.77957E-2	+3.04334E-2
+3.53000E+2	+8.87604E-2	+2.76416E-2	+3.01604E-2
+3.53500E+2	+8.86841E-2	+2.75131E-2	+2.99222E-2
+3.54000E+2	+8.92029E-2	+2.73378E-2	+2.96662E-2
+3.54500E+2	+8.18939E-2	+2.72549E-2	+2.94940E-2
+3.55000E+2	+8.49915E-2	+2.72209E-2	+2.93785E-2
+3.55500E+2	+8.17566E-2	+2.70215E-2	+2.90192E-2
+3.56000E+2	+8.14362E-2	+2.70031E-2	+2.89344E-2
+3.56500E+2	+7.75604E-2	+2.65994E-2	+2.82482E-2
+3.57000E+2	+8.53271E-2	+2.65823E-2	+2.81782E-2
+3.57500E+2	+8.35571E-2	+2.65395E-2	+2.80989E-2
+3.58000E+2	+8.62274E-2	+2.64287E-2	+2.79012E-2
+3.58500E+2	+8.20465E-2	+2.63736E-2	+2.77740E-2
+3.59000E+2	+8.17413E-2	+2.62625E-2	+2.75234E-2
+3.59500E+2	+8.55255E-2	+2.61408E-2	+2.73217E-2
+3.60000E+2	+8.18176E-2	+2.60886E-2	+2.72087E-2
+3.60500E+2	+8.86078E-2	+2.59106E-2	+2.69070E-2
+3.61000E+2	+8.17719E-2	+2.58949E-2	+2.68310E-2
+3.61500E+2	+8.27179E-2	+2.57916E-2	+2.66985E-2
+3.62000E+2	+8.57239E-2	+2.58475E-2	+2.66697E-2
+3.62500E+2	+8.30231E-2	+2.58297E-2	+2.67002E-2
+3.63000E+2	+8.35419E-2	+2.58723E-2	+2.67358E-2
+3.63500E+2	+8.07190E-2	+2.58332E-2	+2.66015E-2
+3.64000E+2	+8.02155E-2	+2.57147E-2	+2.64224E-2
+3.64500E+2	+8.37708E-2	+2.56151E-2	+2.61493E-2
+3.65000E+2	+8.05664E-2	+2.55327E-2	+2.59961E-2
+3.65500E+2	+8.27789E-2	+2.54355E-2	+2.57536E-2
+3.66000E+2	+8.32672E-2	+2.53241E-2	+2.55386E-2
+3.66500E+2	+8.35114E-2	+2.52366E-2	+2.53636E-2
+3.67000E+2	+8.35266E-2	+2.51377E-2	+2.51360E-2
+3.67500E+2	+8.26263E-2	+2.51481E-2	+2.51194E-2
+3.68000E+2	+8.19397E-2	+2.51369E-2	+2.50132E-2
+3.68500E+2	+8.41522E-2	+2.51051E-2	+2.49637E-2
+3.69000E+2	+8.02002E-2	+2.50867E-2	+2.49757E-2
+3.69500E+2	+7.99713E-2	+2.51751E-2	+2.48038E-2
+3.70000E+2	+8.05054E-2	+2.49676E-2	+2.46695E-2
+3.70500E+2	+8.45490E-2	+2.48723E-2	+2.45135E-2
+3.71000E+2	+8.39844E-2	+2.47106E-2	+2.42892E-2
+3.71500E+2	+8.00781E-2	+2.45994E-2	+2.40734E-2
+3.72000E+2	+8.25043E-2	+2.44381E-2	+2.37696E-2
+3.72500E+2	+8.05511E-2	+2.41519E-2	+2.32296E-2
+3.73000E+2	+7.74536E-2	+2.37505E-2	+2.25608E-2
+3.73500E+2	+7.65533E-2	+2.33609E-2	+2.17332E-2
+3.74000E+2	+7.72705E-2	+2.29425E-2	+2.08913E-2
+3.74500E+2	+7.60040E-2	+2.25213E-2	+1.99566E-2
+3.75000E+2	+7.47528E-2	+2.20978E-2	+1.89619E-2
+3.75500E+2	+7.59888E-2	+2.17409E-2	+1.80346E-2
+3.76000E+2	+8.08868E-2	+2.14019E-2	+1.71780E-2
+3.76500E+2	+7.20215E-2	+2.10563E-2	+1.62818E-2
+3.77000E+2	+7.32880E-2	+2.07286E-2	+1.52767E-2
+3.77500E+2	+7.01447E-2	+2.04693E-2	+1.43288E-2
+3.78000E+2	+7.01752E-2	+2.01230E-2	+1.32883E-2
+3.78500E+2	+7.01141E-2	+1.98285E-2	+1.23026E-2
+3.79000E+2	+7.74536E-2	+1.95717E-2	+1.13103E-2
+3.79500E+2	+7.04346E-2	+1.93203E-2	+1.04659E-2
+3.80000E+2	+7.04193E-2	+1.91605E-2	+9.78252E-3
+3.80500E+2	+7.04193E-2	+1.90587E-2	+9.18490E-3
+3.81000E+2	+7.29218E-2	+1.90183E-2	+8.78863E-3
+3.81500E+2	+6.89545E-2	+1.89563E-2	+8.50385E-3
+3.82000E+2	+6.51093E-2	+1.89444E-2	+8.10027E-3
+3.82500E+2	+6.99158E-2	+1.88528E-2	+7.47861E-3
+3.83000E+2	+6.90155E-2	+1.87063E-2	+6.83969E-3
+3.83500E+2	+7.04193E-2	+1.86214E-2	+6.22484E-3
+3.84000E+2	+6.86798E-2	+1.85717E-2	+5.74165E-3
+3.84500E+2	+6.51855E-2	+1.85081E-2	+5.26695E-3
+3.85000E+2	+6.65588E-2	+1.84713E-2	+4.85657E-3
+3.85500E+2	+7.26318E-2	+1.83859E-2	+4.47315E-3
+3.86000E+2	+6.59027E-2	+1.83754E-2	+4.09431E-3
+3.86500E+2	+6.49567E-2	+1.83203E-2	+3.64139E-3
+3.87000E+2	+6.93665E-2	+1.82317E-2	+3.06743E-3
+3.87500E+2	+6.90155E-2	+1.82344E-2	+2.81457E-3
+3.88000E+2	+6.57654E-2	+1.82331E-2	+2.97603E-3
+3.88500E+2	+6.22101E-2	+1.82165E-2	+3.12020E-3
+3.89000E+2	+7.23114E-2	+1.82198E-2	+3.22325E-3
+3.89500E+2	+6.90308E-2	+1.81839E-2	+3.19672E-3
+3.90000E+2	+6.64673E-2	+1.81527E-2	+3.20634E-3
+3.90500E+2	+6.61316E-2	+1.82037E-2	+3.19423E-3
+3.91000E+2	+6.19202E-2	+1.81354E-2	+3.18471E-3
+3.91500E+2	+6.52161E-2	+1.81434E-2	+3.10339E-3
+3.92000E+2	+6.71692E-2	+1.80771E-2	+3.00979E-3
+3.92500E+2	+6.82068E-2	+1.80922E-2	+2.87630E-3
+3.93000E+2	+6.77185E-2	+1.81006E-2	+2.77893E-3
+3.93500E+2	+6.78558E-2	+1.80354E-2	+2.84825E-3
+3.94000E+2	+6.48956E-2	+1.80975E-2	+3.13248E-3
+3.94500E+2	+6.39648E-2	+1.82767E-2	+3.58603E-3
+3.95000E+2	+6.41174E-2	+1.80435E-2	+3.79535E-3
+3.95500E+2	+6.80389E-2	+1.81574E-2	+3.77414E-3
+3.96000E+2	+6.99768E-2	+1.80640E-2	+3.43139E-3
+3.96500E+2	+6.85120E-2	+1.80873E-2	+3.02196E-3
+3.97000E+2	+6.84662E-2	+1.80268E-2	+2.62480E-3
+3.97500E+2	+6.47888E-2	+1.79999E-2	+2.13562E-3
+3.98000E+2	+6.69250E-2	+1.79179E-2	+1.64254E-3
+3.98500E+2	+6.46973E-2	+1.78997E-2	+1.31998E-3
+3.99000E+2	+6.38123E-2	+1.78829E-2	+1.22117E-3
+3.99500E+2	+6.77032E-2	+1.79630E-2	+1.45879E-3
+4.00000E+2	+6.42700E-2	+1.79511E-2	+2.02434E-3
+4.00500E+2	+6.52466E-2	+1.80338E-2	+2.78892E-3
+4.01000E+2	+6.41022E-2	+1.81409E-2	+3.55934E-3
+4.01500E+2	+6.96106E-2	+1.81447E-2	+4.38742E-3
+4.02000E+2	+6.59943E-2	+1.82687E-2	+5.21701E-3
+4.02500E+2	+6.54144E-2	+1.83923E-2	+6.16964E-3
+4.03000E+2	+6.64978E-2	+1.86530E-2	+7.35983E-3
+4.03500E+2	+6.88782E-2	+1.88810E-2	+8.53275E-3
+4.04000E+2	+6.94885E-2	+1.91490E-2	+9.72978E-3
+4.04500E+2	+7.22656E-2	+1.94365E-2	+1.09028E-2
+4.05000E+2	+7.07550E-2	+1.97620E-2	+1.19275E-2
+4.05500E+2	+7.31659E-2	+2.00307E-2	+1.27728E-2
+4.06000E+2	+7.04498E-2	+2.02471E-2	+1.34876E-2
+4.06500E+2	+7.65991E-2	+2.05496E-2	+1.42973E-2
+4.07000E+2	+7.53632E-2	+2.08517E-2	+1.52490E-2
+4.07500E+2	+7.45544E-2	+2.13699E-2	+1.65129E-2
+4.08000E+2	+7.84760E-2	+2.19166E-2	+1.78986E-2
+4.08500E+2	+8.21838E-2	+2.25117E-2	+1.94011E-2
+4.09000E+2	+8.42285E-2	+2.31488E-2	+2.07989E-2
+4.09500E+2	+8.30383E-2	+2.37115E-2	+2.20026E-2
+4.10000E+2	+7.94373E-2	+2.42753E-2	+2.31809E-2
+4.10500E+2	+8.38013E-2	+2.49039E-2	+2.44750E-2
+4.11000E+2	+8.86993E-2	+2.56585E-2	+2.59744E-2
+4.11500E+2	+8.30078E-2	+2.64467E-2	+2.75527E-2
+4.12000E+2	+8.71582E-2	+2.72343E-2	+2.90818E-2
+4.12500E+2	+8.62732E-2	+2.81352E-2	+3.07081E-2
+4.13000E+2	+9.07135E-2	+2.89159E-2	+3.21849E-2
+4.13500E+2	+9.33380E-2	+2.96732E-2	+3.35380E-2
+4.14000E+2	+9.12018E-2	+3.04570E-2	+3.48935E-2
+4.14500E+2	+9.55963E-2	+3.12532E-2	+3.62662E-2
+4.15000E+2	+9.37500E-2	+3.20589E-2	+3.76660E-2
+4.15500E+2	+9.64050E-2	+3.28647E-2	+3.90507E-2
+4.16000E+2	+1.00571E-1	+3.36108E-2	+4.02794E-2
+4.16500E+2	+1.00327E-1	+3.43817E-2	+4.15264E-2
+4.17000E+2	+9.89532E-2	+3.50412E-2	+4.26831E-2
+4.17500E+2	+1.04462E-1	+3.57257E-2	+4.36997E-2
+4.18000E+2	+1.02127E-1	+3.63178E-2	+4.47049E-2
+4.18500E+2	+9.90295E-2	+3.69617E-2	+4.57524E-2
+4.19000E+2	+9.93958E-2	+3.76096E-2	+4.68335E-2
+4.19500E+2	+1.04736E-1	+3.83291E-2	+4.79146E-2
+4.20000E+2	+1.07422E-1	+3.89261E-2	+4.89045E-2
+4.20500E+2	+1.07056E-1	+3.94935E-2	+4.97928E-2
+4.21000E+2	+1.07101E-1	+4.00785E-2	+5.07491E-2
+4.21500E+2	+1.11389E-1	+4.05752E-2	+5.15729E-2
+4.22000E+2	+1.08383E-1	+4.12598E-2	+5.26339E-2
+4.22500E+2	+1.11343E-1	+4.20708E-2	+5.39026E-2
+4.23000E+2	+1.19263E-1	+4.30832E-2	+5.54805E-2
+4.23500E+2	+1.09558E-1	+4.43903E-2	+5.75225E-2
+4.24000E+2	+1.16058E-1	+4.59389E-2	+5.98834E-2
+4.24500E+2	+1.19141E-1	+4.73953E-2	+6.21605E-2
+4.25000E+2	+1.16486E-1	+4.87963E-2	+6.42630E-2
+4.25500E+2	+1.22284E-1	+4.99909E-2	+6.60979E-2
+4.26000E+2	+1.21674E-1	+5.12409E-2	+6.79519E-2
+4.26500E+2	+1.29517E-1	+5.24673E-2	+6.98219E-2
+4.27000E+2	+1.34872E-1	+5.39521E-2	+7.20337E-2
+4.27500E+2	+1.29562E-1	+5.56449E-2	+7.45668E-2
+4.28000E+2	+1.32355E-1	+5.74432E-2	+7.72238E-2
+4.28500E+2	+1.38275E-1	+5.93368E-2	+8.00118E-2
+4.29000E+2	+1.39236E-1	+6.13260E-2	+8.29482E-2
+4.29500E+2	+1.43448E-1	+6.32229E-2	+8.57525E-2
+4.30000E+2	+1.47018E-1	+6.50427E-2	+8.84450E-2
+4.30500E+2	+1.48987E-1	+6.66052E-2	+9.07261E-2
+4.31000E+2	+1.45233E-1	+6.80596E-2	+9.28774E-2
+4.31500E+2	+1.45355E-1	+6.95107E-2	+9.49872E-2
+4.32000E+2	+1.54999E-1	+7.08697E-2	+9.69648E-2
+4.32500E+2	+1.57257E-1	+7.23032E-2	+9.90789E-2
+4.33000E+2	+1.58005E-1	+7.36926E-2	+1.01089E-1
+4.33500E+2	+1.54617E-1	+7.50615E-2	+1.03112E-1
+4.34000E+2	+1.55273E-1	+7.60892E-2	+1.04584E-1
+4.34500E+2	+1.59256E-1	+7.68713E-2	+1.05764E-1
+4.35000E+2	+1.61179E-1	+7.76530E-2	+1.06787E-1
+4.35500E+2	+1.62964E-1	+7.86996E-2	+1.08351E-1
+4.36000E+2	+1.67755E-1	+7.99944E-2	+1.10296E-1
+4.36500E+2	+1.74408E-1	+8.14018E-2	+1.12258E-1
+4.37000E+2	+1.65298E-1	+8.28422E-2	+1.14410E-1
+4.37500E+2	+1.69312E-1	+8.39526E-2	+1.15994E-1
+4.38000E+2	+1.77383E-1	+8.48475E-2	+1.17291E-1
+4.38500E+2	+1.76773E-1	+8.54803E-2	+1.18208E-1
+4.39000E+2	+1.73050E-1	+8.60913E-2	+1.19070E-1
+4.39500E+2	+1.79840E-1	+8.68793E-2	+1.20262E-1
+4.40000E+2	+1.73553E-1	+8.75589E-2	+1.21218E-1
+4.40500E+2	+1.79108E-1	+8.82799E-2	+1.22266E-1
+4.41000E+2	+1.81686E-1	+8.89204E-2	+1.23141E-1
+4.41500E+2	+1.78253E-1	+8.95968E-2	+1.24120E-1
+4.42000E+2	+1.78558E-1	+9.01382E-2	+1.24932E-1
+4.42500E+2	+1.81061E-1	+9.05976E-2	+1.25583E-1
+4.43000E+2	+1.91879E-1	+9.11377E-2	+1.26404E-1
+4.43500E+2	+1.84387E-1	+9.16151E-2	+1.27117E-1
+4.44000E+2	+1.82709E-1	+9.20082E-2	+1.27654E-1
+4.44500E+2	+1.86371E-1	+9.21862E-2	+1.27869E-1
+4.45000E+2	+1.75980E-1	+9.18963E-2	+1.27499E-1
+4.45500E+2	+1.75674E-1	+9.19368E-2	+1.27572E-1
+4.46000E+2	+1.80267E-1	+9.17842E-2	+1.27330E-1
+4.46500E+2	+1.79932E-1	+9.17101E-2	+1.27224E-1
+4.47000E+2	+1.82678E-1	+9.14649E-2	+1.26873E-1
+4.47500E+2	+1.75156E-1	+9.10492E-2	+1.26261E-1
+4.48000E+2	+1.80298E-1	+9.05901E-2	+1.25589E-1
+4.48500E+2	+1.75888E-1	+9.01052E-2	+1.24894E-1
+4.49000E+2	+1.76071E-1	+8.96090E-2	+1.24187E-1
+4.49500E+2	+1.77216E-1	+8.91454E-2	+1.23504E-1
+4.50000E+2	+1.75980E-1	+8.89295E-2	+1.23180E-1
+4.50500E+2	+1.72852E-1	+8.87160E-2	+1.22871E-1
+4.51000E+2	+1.75323E-1	+8.86215E-2	+1.22714E-1
+4.51500E+2	+1.77933E-1	+8.83088E-2	+1.22273E-1
+4.52000E+2	+1.82816E-1	+8.78914E-2	+1.21651E-1
+4.52500E+2	+1.76239E-1	+8.73171E-2	+1.20822E-1
+4.53000E+2	+1.74362E-1	+8.67343E-2	+1.19897E-1
+4.53500E+2	+1.74072E-1	+8.63086E-2	+1.19329E-1
+4.54000E+2	+1.75369E-1	+8.59711E-2	+1.18757E-1
+4.54500E+2	+1.74347E-1	+8.57462E-2	+1.18501E-1
+4.55000E+2	+1.75385E-1	+8.56847E-2	+1.18306E-1
+4.55500E+2	+1.70029E-1	+8.56626E-2	+1.18369E-1
+4.56000E+2	+1.74118E-1	+8.57510E-2	+1.18436E-1
+4.56500E+2	+1.70914E-1	+8.59436E-2	+1.18710E-1
+4.57000E+2	+1.75995E-1	+8.61993E-2	+1.19073E-1
+4.57500E+2	+1.77109E-1	+8.64662E-2	+1.19366E-1
+4.58000E+2	+1.79840E-1	+8.67501E-2	+1.19888E-1
+4.58500E+2	+1.74103E-1	+8.70174E-2	+1.20217E-1
+4.59000E+2	+1.79306E-1	+8.72591E-2	+1.20635E-1
+4.59500E+2	+1.77490E-1	+8.74903E-2	+1.20920E-1
+4.60000E+2	+1.77063E-1	+8.76362E-2	+1.21069E-1
+4.60500E+2	+1.76941E-1	+8.77980E-2	+1.21383E-1
+4.61000E+2	+1.75873E-1	+8.77859E-2	+1.21294E-1
+4.61500E+2	+1.73767E-1	+8.79713E-2	+1.21576E-1
+4.62000E+2	+1.82693E-1	+8.81974E-2	+1.22003E-1
+4.62500E+2	+1.74973E-1	+8.85433E-2	+1.22415E-1
+4.63000E+2	+1.71616E-1	+8.89038E-2	+1.22993E-1
+4.63500E+2	+1.74149E-1	+8.92338E-2	+1.23375E-1
+4.64000E+2	+1.73752E-1	+8.96772E-2	+1.24105E-1
+4.64500E+2	+1.80710E-1	+9.01336E-2	+1.24746E-1
+4.65000E+2	+1.82327E-1	+9.07323E-2	+1.25531E-1
+4.65500E+2	+1.81351E-1	+9.12279E-2	+1.26357E-1
+4.66000E+2	+1.76880E-1	+9.16300E-2	+1.26825E-1
+4.66500E+2	+1.85028E-1	+9.17955E-2	+1.27136E-1
+4.67000E+2	+1.88965E-1	+9.18119E-2	+1.27208E-1
+4.67500E+2	+1.81046E-1	+9.17530E-2	+1.27079E-1
+4.68000E+2	+1.81229E-1	+9.16489E-2	+1.26993E-1
+4.68500E+2	+1.79810E-1	+9.14502E-2	+1.26688E-1
+4.69000E+2	+1.81168E-1	+9.13752E-2	+1.26529E-1
+4.69500E+2	+1.78268E-1	+9.15517E-2	+1.26807E-1
+4.70000E+2	+1.81610E-1	+9.16194E-2	+1.26916E-1
+4.70500E+2	+1.85638E-1	+9.17998E-2	+1.27214E-1
+4.71000E+2	+1.83060E-1	+9.18024E-2	+1.27230E-1
+4.71500E+2	+1.79977E-1	+9.17460E-2	+1.27151E-1
+4.72000E+2	+1.87531E-1	+9.15894E-2	+1.26923E-1
+4.72500E+2	+1.85272E-1	+9.15387E-2	+1.26856E-1
+4.73000E+2	+1.80527E-1	+9.14055E-2	+1.26646E-1
+4.73500E+2	+1.80222E-1	+9.14211E-2	+1.26678E-1
+4.74000E+2	+1.80588E-1	+9.15388E-2	+1.26801E-1
+4.74500E+2	+1.82404E-1	+9.17230E-2	+1.27135E-1
+4.75000E+2	+1.80359E-1	+9.19142E-2	+1.27386E-1
+4.75500E+2	+1.79092E-1	+9.19694E-2	+1.27417E-1
+4.76000E+2	+1.78192E-1	+9.20782E-2	+1.27615E-1
+4.76500E+2	+1.77551E-1	+9.21704E-2	+1.27740E-1
+4.77000E+2	+1.84708E-1	+9.22422E-2	+1.27786E-1
+4.77500E+2	+1.86249E-1	+9.23785E-2	+1.28020E-1
+4.78000E+2	+1.82968E-1	+9.26095E-2	+1.28293E-1
+4.78500E+2	+1.84769E-1	+9.28402E-2	+1.28712E-1
+4.79000E+2	+1.81931E-1	+9.30356E-2	+1.28957E-1
+4.79500E+2	+1.79565E-1	+9.33298E-2	+1.29426E-1
+4.80000E+2	+1.85593E-1	+9.36411E-2	+1.29834E-1
+4.80500E+2	+1.88538E-1	+9.39669E-2	+1.30336E-1
+4.81000E+2	+1.85577E-1	+9.43955E-2	+1.30868E-1
+4.81500E+2	+1.90475E-1	+9.48807E-2	+1.31612E-1
+4.82000E+2	+1.86127E-1	+9.55429E-2	+1.32523E-1
+4.82500E+2	+1.84967E-1	+9.61471E-2	+1.33361E-1
+4.83000E+2	+1.88995E-1	+9.64100E-2	+1.33789E-1
+4.83500E+2	+1.80908E-1	+9.65659E-2	+1.33958E-1
+4.84000E+2	+1.87546E-1	+9.69816E-2	+1.34648E-1
+4.84500E+2	+1.97144E-1	+9.74937E-2	+1.35251E-1
+4.85000E+2	+1.91833E-1	+9.82086E-2	+1.36349E-1
+4.85500E+2	+1.93695E-1	+9.88891E-2	+1.37414E-1
+4.86000E+2	+1.93161E-1	+9.96757E-2	+1.38454E-1
+4.86500E+2	+1.92795E-1	+1.00441E-1	+1.39554E-1
+4.87000E+2	+1.97617E-1	+1.01161E-1	+1.40634E-1
+4.87500E+2	+1.94916E-1	+1.01940E-1	+1.41783E-1
+4.88000E+2	+1.98196E-1	+1.02563E-1	+1.42616E-1
+4.88500E+2	+1.95389E-1	+1.03194E-1	+1.43569E-1
+4.89000E+2	+1.98654E-1	+1.03580E-1	+1.44126E-1
+4.89500E+2	+2.03079E-1	+1.04055E-1	+1.44682E-1
+4.90000E+2	+1.99768E-1	+1.04668E-1	+1.45737E-1
+4.90500E+2	+2.00439E-1	+1.05476E-1	+1.46838E-1
+4.91000E+2	+2.00668E-1	+1.06285E-1	+1.48020E-1
+4.91500E+2	+2.02515E-1	+1.06823E-1	+1.48719E-1
+4.92000E+2	+2.02026E-1	+1.07257E-1	+1.49388E-1
+4.92500E+2	+2.00928E-1	+1.07720E-1	+1.50089E-1
+4.93000E+2	+2.02728E-1	+1.08369E-1	+1.51062E-1
+4.93500E+2	+2.11151E-1	+1.09084E-1	+1.51900E-1
+4.94000E+2	+2.06635E-1	+1.09967E-1	+1.53345E-1
+4.94500E+2	+2.07275E-1	+1.10802E-1	+1.54423E-1
+4.95000E+2	+2.08145E-1	+1.11601E-1	+1.55687E-1
+4.95500E+2	+2.10678E-1	+1.12414E-1	+1.56852E-1
+4.96000E+2	+2.09457E-1	+1.13277E-1	+1.58103E-1
+4.96500E+2	+2.11731E-1	+1.14177E-1	+1.59399E-1
+4.97000E+2	+2.14233E-1	+1.15059E-1	+1.60653E-1
+4.97500E+2	+2.14172E-1	+1.15905E-1	+1.61863E-1
+4.98000E+2	+2.11090E-1	+1.16692E-1	+1.63002E-1
+4.98500E+2	+2.19345E-1	+1.17571E-1	+1.64258E-1
+4.99000E+2	+2.24960E-1	+1.18752E-1	+1.65936E-1
+4.99500E+2	+2.17987E-1	+1.20101E-1	+1.67797E-1
+5.00000E+2	+2.25418E-1	+1.21741E-1	+1.70193E-1
+5.00500E+2	+2.28348E-1	+1.23384E-1	+1.72571E-1
+5.01000E+2	+2.31049E-1	+1.24980E-1	+1.74860E-1
+5.01500E+2	+2.34833E-1	+1.26271E-1	+1.76703E-1
+5.02000E+2	+2.27982E-1	+1.27140E-1	+1.77887E-1
+5.02500E+2	+2.29721E-1	+1.27244E-1	+1.78091E-1
+5.03000E+2	+2.31934E-1	+1.26769E-1	+1.77364E-1
+5.03500E+2	+2.28760E-1	+1.26338E-1	+1.76794E-1
+5.04000E+2	+2.33765E-1	+1.26338E-1	+1.76733E-1
+5.04500E+2	+2.36954E-1	+1.26733E-1	+1.77303E-1
+5.05000E+2	+2.28851E-1	+1.27546E-1	+1.78411E-1
+5.05500E+2	+2.30865E-1	+1.28520E-1	+1.79799E-1
+5.06000E+2	+2.41226E-1	+1.29523E-1	+1.81290E-1
+5.06500E+2	+2.37900E-1	+1.30544E-1	+1.82686E-1
+5.07000E+2	+2.36572E-1	+1.31663E-1	+1.84408E-1
+5.07500E+2	+2.37488E-1	+1.32828E-1	+1.85909E-1
+5.08000E+2	+2.40967E-1	+1.34189E-1	+1.87873E-1
+5.08500E+2	+2.39822E-1	+1.35611E-1	+1.89994E-1
+5.09000E+2	+2.44385E-1	+1.37154E-1	+1.92081E-1
+5.09500E+2	+2.49069E-1	+1.38710E-1	+1.94325E-1
+5.10000E+2	+2.53952E-1	+1.40132E-1	+1.96489E-1
+5.10500E+2	+2.52472E-1	+1.41510E-1	+1.98359E-1
+5.11000E+2	+2.54593E-1	+1.42860E-1	+2.00393E-1
+5.11500E+2	+2.54562E-1	+1.44241E-1	+2.02147E-1
+5.12000E+2	+2.54730E-1	+1.45780E-1	+2.04494E-1
+5.12500E+2	+2.59598E-1	+1.47452E-1	+2.06585E-1
+5.13000E+2	+2.59903E-1	+1.49281E-1	+2.08477E-1
+5.13500E+2	+2.65762E-1	+1.50807E-1	+2.11542E-1
+5.14000E+2	+2.67426E-1	+1.52656E-1	+2.14373E-1
+5.14500E+2	+2.66571E-1	+1.54645E-1	+2.17209E-1
+5.15000E+2	+2.74948E-1	+1.56611E-1	+2.20005E-1
+5.15500E+2	+2.79984E-1	+1.58280E-1	+2.22388E-1
+5.16000E+2	+2.70615E-1	+1.59656E-1	+2.24342E-1
+5.16500E+2	+2.81525E-1	+1.60848E-1	+2.25970E-1
+5.17000E+2	+2.79907E-1	+1.62272E-1	+2.28063E-1
+5.17500E+2	+2.86835E-1	+1.64341E-1	+2.30933E-1
+5.18000E+2	+2.89108E-1	+1.66711E-1	+2.34378E-1
+5.18500E+2	+2.91199E-1	+1.69341E-1	+2.38052E-1
+5.19000E+2	+2.91016E-1	+1.71867E-1	+2.41591E-1
+5.19500E+2	+3.03833E-1	+1.74217E-1	+2.45033E-1
+5.20000E+2	+3.01346E-1	+1.76235E-1	+2.47919E-1
+5.20500E+2	+3.04626E-1	+1.78237E-1	+2.50680E-1
+5.21000E+2	+3.09128E-1	+1.80210E-1	+2.53465E-1
+5.21500E+2	+3.04581E-1	+1.82338E-1	+2.56444E-1
+5.22000E+2	+3.15018E-1	+1.84796E-1	+2.59745E-1
+5.22500E+2	+3.19092E-1	+1.87508E-1	+2.63933E-1
+5.23000E+2	+3.22571E-1	+1.90544E-1	+2.67949E-1
+5.23500E+2	+3.21960E-1	+1.93763E-1	+2.72742E-1
+5.24000E+2	+3.31909E-1	+1.97125E-1	+2.77365E-1
+5.24500E+2	+3.35159E-1	+2.00673E-1	+2.82503E-1
+5.25000E+2	+3.39493E-1	+2.04184E-1	+2.87437E-1
+5.25500E+2	+3.50418E-1	+2.07643E-1	+2.92499E-1
+5.26000E+2	+3.53226E-1	+2.10883E-1	+2.96711E-1
+5.26500E+2	+3.56232E-1	+2.14358E-1	+3.01927E-1
+5.27000E+2	+3.60001E-1	+2.17787E-1	+3.06562E-1
+5.27500E+2	+3.59802E-1	+2.21314E-1	+3.11879E-1
+5.28000E+2	+3.70605E-1	+2.24684E-1	+3.16500E-1
+5.28500E+2	+3.70712E-1	+2.28099E-1	+3.21580E-1
+5.29000E+2	+3.79562E-1	+2.31181E-1	+3.25939E-1
+5.29500E+2	+3.83148E-1	+2.34645E-1	+3.30848E-1
+5.30000E+2	+3.88092E-1	+2.38515E-1	+3.36350E-1
+5.30500E+2	+3.94623E-1	+2.42752E-1	+3.42350E-1
+5.31000E+2	+3.97583E-1	+2.47172E-1	+3.48608E-1
+5.31500E+2	+4.10172E-1	+2.51766E-1	+3.55153E-1
+5.32000E+2	+4.14658E-1	+2.56490E-1	+3.61835E-1
+5.32500E+2	+4.19235E-1	+2.61490E-1	+3.68906E-1
+5.33000E+2	+4.26987E-1	+2.66661E-1	+3.76250E-1
+5.33500E+2	+4.27673E-1	+2.71727E-1	+3.83376E-1
+5.34000E+2	+4.31290E-1	+2.77215E-1	+3.90950E-1
+5.34500E+2	+4.47510E-1	+2.83069E-1	+3.99516E-1
+5.35000E+2	+4.61426E-1	+2.88525E-1	+4.07010E-1
+5.35500E+2	+4.67484E-1	+2.93829E-1	+4.14752E-1
+5.36000E+2	+4.76273E-1	+2.98839E-1	+4.21800E-1
+5.36500E+2	+4.75006E-1	+3.03516E-1	+4.28386E-1
+5.37000E+2	+4.85184E-1	+3.07942E-1	+4.34359E-1
+5.37500E+2	+4.93912E-1	+3.12036E-1	+4.40466E-1
+5.38000E+2	+5.01373E-1	+3.15702E-1	+4.45402E-1
+5.38500E+2	+5.02121E-1	+3.19291E-1	+4.50816E-1
+5.39000E+2	+5.08926E-1	+3.22845E-1	+4.55470E-1
+5.39500E+2	+5.13107E-1	+3.26328E-1	+4.60620E-1
+5.40000E+2	+5.11261E-1	+3.29621E-1	+4.65221E-1
+5.40500E+2	+5.19287E-1	+3.32557E-1	+4.69515E-1
+5.41000E+2	+5.23209E-1	+3.35048E-1	+4.72998E-1
+5.41500E+2	+5.23575E-1	+3.36430E-1	+4.74727E-1
+5.42000E+2	+5.27908E-1	+3.36708E-1	+4.75151E-1
+5.42500E+2	+5.22690E-1	+3.36148E-1	+4.74201E-1
+5.43000E+2	+5.24643E-1	+3.34920E-1	+4.72583E-1
+5.43500E+2	+5.22919E-1	+3.33089E-1	+4.70249E-1
+5.44000E+2	+5.16220E-1	+3.31205E-1	+4.67205E-1
+5.44500E+2	+5.16876E-1	+3.29196E-1	+4.64543E-1
+5.45000E+2	+5.09384E-1	+3.27011E-1	+4.61238E-1
+5.45500E+2	+5.06943E-1	+3.24301E-1	+4.57866E-1
+5.46000E+2	+5.02762E-1	+3.20654E-1	+4.52391E-1
+5.46500E+2	+4.92905E-1	+3.16106E-1	+4.46248E-1
+5.47000E+2	+4.87564E-1	+3.10833E-1	+4.38417E-1
+5.47500E+2	+4.77310E-1	+3.05400E-1	+4.30878E-1
+5.48000E+2	+4.80499E-1	+2.99829E-1	+4.22984E-1
+5.48500E+2	+4.66003E-1	+2.93631E-1	+4.14350E-1
+5.49000E+2	+4.56161E-1	+2.87039E-1	+4.05028E-1
+5.49500E+2	+4.39972E-1	+2.80071E-1	+3.95206E-1
+5.50000E+2	+4.33655E-1	+2.73529E-1	+3.85945E-1
+5.50500E+2	+4.24881E-1	+2.67144E-1	+3.76711E-1
+5.51000E+2	+4.18228E-1	+2.60917E-1	+3.68062E-1
+5.51500E+2	+4.13406E-1	+2.54370E-1	+3.58594E-1
+5.52000E+2	+4.08951E-1	+2.48382E-1	+3.50001E-1
+5.52500E+2	+3.96225E-1	+2.42765E-1	+3.42150E-1
+5.53000E+2	+3.87085E-1	+2.37279E-1	+3.34367E-1
+5.53500E+2	+3.80707E-1	+2.31510E-1	+3.26392E-1
+5.54000E+2	+3.72406E-1	+2.25399E-1	+3.17602E-1
+5.54500E+2	+3.59497E-1	+2.19320E-1	+3.09105E-1
+5.55000E+2	+3.54553E-1	+2.13741E-1	+3.01120E-1
+5.55500E+2	+3.47748E-1	+2.08064E-1	+2.92952E-1
+5.56000E+2	+3.40622E-1	+2.02460E-1	+2.85113E-1
+5.56500E+2	+3.32947E-1	+1.97261E-1	+2.77793E-1
+5.57000E+2	+3.25165E-1	+1.92133E-1	+2.70335E-1
+5.57500E+2	+3.21350E-1	+1.87223E-1	+2.63531E-1
+5.58000E+2	+3.17612E-1	+1.82866E-1	+2.57171E-1
+5.58500E+2	+3.09021E-1	+1.78680E-1	+2.51402E-1
+5.59000E+2	+3.00949E-1	+1.75034E-1	+2.46210E-1
+5.59500E+2	+2.96249E-1	+1.71393E-1	+2.41055E-1
+5.60000E+2	+2.87750E-1	+1.67810E-1	+2.35789E-1
+5.60500E+2	+2.83752E-1	+1.63934E-1	+2.30441E-1
+5.61000E+2	+2.77557E-1	+1.59855E-1	+2.24633E-1
+5.61500E+2	+2.71454E-1	+1.55876E-1	+2.18966E-1
+5.62000E+2	+2.66479E-1	+1.52185E-1	+2.13706E-1
+5.62500E+2	+2.57477E-1	+1.48736E-1	+2.08678E-1
+5.63000E+2	+2.60040E-1	+1.45616E-1	+2.04286E-1
+5.63500E+2	+2.50870E-1	+1.42364E-1	+1.99704E-1
+5.64000E+2	+2.44995E-1	+1.38787E-1	+1.94622E-1
+5.64500E+2	+2.46063E-1	+1.35232E-1	+1.89526E-1
+5.65000E+2	+2.40479E-1	+1.31910E-1	+1.84635E-1
+5.65500E+2	+2.35519E-1	+1.28381E-1	+1.79755E-1
+5.66000E+2	+2.22031E-1	+1.24569E-1	+1.74159E-1
+5.66500E+2	+2.30194E-1	+1.21021E-1	+1.69085E-1
+5.67000E+2	+2.20062E-1	+1.18212E-1	+1.64979E-1
+5.67500E+2	+2.15302E-1	+1.15994E-1	+1.62020E-1
+5.68000E+2	+2.13898E-1	+1.13802E-1	+1.58529E-1
+5.68500E+2	+2.06436E-1	+1.11508E-1	+1.55594E-1
+5.69000E+2	+2.01874E-1	+1.09343E-1	+1.52472E-1
+5.69500E+2	+2.03674E-1	+1.07054E-1	+1.49141E-1
+5.70000E+2	+1.98853E-1	+1.04792E-1	+1.45821E-1
+5.70500E+2	+1.97784E-1	+1.02688E-1	+1.42719E-1
+5.71000E+2	+1.97571E-1	+1.00753E-1	+1.40166E-1
+5.71500E+2	+1.88080E-1	+9.87395E-2	+1.37197E-1
+5.72000E+2	+1.88187E-1	+9.69714E-2	+1.34608E-1
+5.72500E+2	+1.83929E-1	+9.52326E-2	+1.32175E-1
+5.73000E+2	+1.85593E-1	+9.36005E-2	+1.29868E-1
+5.73500E+2	+1.87393E-1	+9.23530E-2	+1.27951E-1
+5.74000E+2	+1.85684E-1	+9.12061E-2	+1.26414E-1
+5.74500E+2	+1.82343E-1	+9.01916E-2	+1.24945E-1
+5.75000E+2	+1.78223E-1	+8.92579E-2	+1.23592E-1
+5.75500E+2	+1.78223E-1	+8.84971E-2	+1.22501E-1
+5.76000E+2	+1.80710E-1	+8.79577E-2	+1.21738E-1
+5.76500E+2	+1.77948E-1	+8.76749E-2	+1.21301E-1
+5.77000E+2	+1.79504E-1	+8.77079E-2	+1.21357E-1
+5.77500E+2	+1.67374E-1	+8.77271E-2	+1.21307E-1
+5.78000E+2	+1.71158E-1	+8.79504E-2	+1.21644E-1
+5.78500E+2	+1.74805E-1	+8.81063E-2	+1.21884E-1
+5.79000E+2	+1.76910E-1	+8.83099E-2	+1.22101E-1
+5.79500E+2	+1.77643E-1	+8.83685E-2	+1.22131E-1
+5.80000E+2	+1.75690E-1	+8.84393E-2	+1.22296E-1
+5.80500E+2	+1.84723E-1	+8.87177E-2	+1.22752E-1
+5.81000E+2	+1.78497E-1	+8.90563E-2	+1.23114E-1
+5.81500E+2	+1.77109E-1	+8.92896E-2	+1.23566E-1
+5.82000E+2	+1.80832E-1	+8.93804E-2	+1.23684E-1
+5.82500E+2	+1.79626E-1	+8.95125E-2	+1.23851E-1
+5.83000E+2	+1.78482E-1	+8.99352E-2	+1.24555E-1
+5.83500E+2	+1.80115E-1	+9.05833E-2	+1.25486E-1
+5.84000E+2	+1.81229E-1	+9.13679E-2	+1.26621E-1
+5.84500E+2	+1.79642E-1	+9.20951E-2	+1.27663E-1
+5.85000E+2	+1.82953E-1	+9.26726E-2	+1.28408E-1
+5.85500E+2	+1.86844E-1	+9.33155E-2	+1.29329E-1
+5.86000E+2	+1.86523E-1	+9.41285E-2	+1.30590E-1
+5.86500E+2	+1.83197E-1	+9.51375E-2	+1.32056E-1
+5.87000E+2	+1.88049E-1	+9.61942E-2	+1.33576E-1
+5.87500E+2	+1.93451E-1	+9.69773E-2	+1.34716E-1
+5.88000E+2	+1.90216E-1	+9.74626E-2	+1.35326E-1
+5.88500E+2	+1.88065E-1	+9.81594E-2	+1.36420E-1
+5.89000E+2	+1.94763E-1	+9.92138E-2	+1.37915E-1
+5.89500E+2	+1.96304E-1	+1.00523E-1	+1.39719E-1
+5.90000E+2	+1.98517E-1	+1.01928E-1	+1.41820E-1
+5.90500E+2	+2.00851E-1	+1.03346E-1	+1.43731E-1
+5.91000E+2	+2.00180E-1	+1.04917E-1	+1.46106E-1
+5.91500E+2	+2.00516E-1	+1.06317E-1	+1.48074E-1
+5.92000E+2	+2.06680E-1	+1.07702E-1	+1.50043E-1
+5.92500E+2	+2.11197E-1	+1.08847E-1	+1.51663E-1
+5.93000E+2	+2.09305E-1	+1.10155E-1	+1.53440E-1
+5.93500E+2	+2.07214E-1	+1.11421E-1	+1.55424E-1
+5.94000E+2	+2.09656E-1	+1.12699E-1	+1.57120E-1
+5.94500E+2	+2.15256E-1	+1.13916E-1	+1.58915E-1
+5.95000E+2	+2.14493E-1	+1.15328E-1	+1.60944E-1
+5.95500E+2	+2.16705E-1	+1.16847E-1	+1.63086E-1
+5.96000E+2	+2.21848E-1	+1.18411E-1	+1.65486E-1
+5.96500E+2	+2.19711E-1	+1.19997E-1	+1.67402E-1
+5.97000E+2	+2.25510E-1	+1.21680E-1	+1.70168E-1
+5.97500E+2	+2.25433E-1	+1.23370E-1	+1.72592E-1
+5.98000E+2	+2.32605E-1	+1.24926E-1	+1.74805E-1
+5.98500E+2	+2.32742E-1	+1.26343E-1	+1.76829E-1
+5.99000E+2	+2.29630E-1	+1.27569E-1	+1.78580E-1
+5.99500E+2	+2.30011E-1	+1.28723E-1	+1.80000E-1
+6.00000E+2	+2.42386E-1	+1.29814E-1	+1.81718E-1
+6.00500E+2	+2.33429E-1	+1.30773E-1	+1.83185E-1
+6.01000E+2	+2.35489E-1	+1.31751E-1	+1.84471E-1
+6.01500E+2	+2.39044E-1	+1.32864E-1	+1.86113E-1
+6.02000E+2	+2.37198E-1	+1.33851E-1	+1.87487E-1
+6.02500E+2	+2.44370E-1	+1.34872E-1	+1.89006E-1
+6.03000E+2	+2.46872E-1	+1.35900E-1	+1.90187E-1
+6.03500E+2	+2.40326E-1	+1.36834E-1	+1.91598E-1
+6.04000E+2	+2.42722E-1	+1.37630E-1	+1.92892E-1
+6.04500E+2	+2.50275E-1	+1.38311E-1	+1.93681E-1
+6.05000E+2	+2.51968E-1	+1.38956E-1	+1.94836E-1
+6.05500E+2	+2.45239E-1	+1.39585E-1	+1.95508E-1
+6.06000E+2	+2.50900E-1	+1.40026E-1	+1.96347E-1
+6.06500E+2	+2.52823E-1	+1.40537E-1	+1.96742E-1
+6.07000E+2	+2.50046E-1	+1.40804E-1	+1.97478E-1
+6.07500E+2	+2.50595E-1	+1.40940E-1	+1.97317E-1
+6.08000E+2	+2.48047E-1	+1.40931E-1	+1.97648E-1
+6.08500E+2	+2.54089E-1	+1.40790E-1	+1.97415E-1
+6.09000E+2	+2.44476E-1	+1.40442E-1	+1.96843E-1
+6.09500E+2	+2.53159E-1	+1.40102E-1	+1.96480E-1
+6.10000E+2	+2.51587E-1	+1.39794E-1	+1.96040E-1
+6.10500E+2	+2.44507E-1	+1.39559E-1	+1.95690E-1
+6.11000E+2	+2.50122E-1	+1.39497E-1	+1.95625E-1
+6.11500E+2	+2.44003E-1	+1.39391E-1	+1.95448E-1
+6.12000E+2	+2.45407E-1	+1.39264E-1	+1.94026E-1
+6.12500E+2	+2.48154E-1	+1.39022E-1	+1.94870E-1
+6.13000E+2	+2.50626E-1	+1.38679E-1	+1.94453E-1
+6.13500E+2	+2.46521E-1	+1.38198E-1	+1.93768E-1
+6.14000E+2	+2.53693E-1	+1.37545E-1	+1.92666E-1
+6.14500E+2	+2.47406E-1	+1.36873E-1	+1.91861E-1
+6.15000E+2	+2.44156E-1	+1.36316E-1	+1.91071E-1
+6.15500E+2	+2.47894E-1	+1.35865E-1	+1.90421E-1
+6.16000E+2	+2.45621E-1	+1.35509E-1	+1.89882E-1
+6.16500E+2	+2.40585E-1	+1.35099E-1	+1.89245E-1
+6.17000E+2	+2.42447E-1	+1.34632E-1	+1.88463E-1
+6.17500E+2	+2.43637E-1	+1.34023E-1	+1.87775E-1
+6.18000E+2	+2.43683E-1	+1.33319E-1	+1.86567E-1
+6.18500E+2	+2.39258E-1	+1.32619E-1	+1.85723E-1
+6.19000E+2	+2.38052E-1	+1.31908E-1	+1.84500E-1
+6.19500E+2	+2.36404E-1	+1.31237E-1	+1.83573E-1
+6.20000E+2	+2.40051E-1	+1.30563E-1	+1.82765E-1
+6.20500E+2	+2.34436E-1	+1.29996E-1	+1.81963E-1
+6.21000E+2	+2.26898E-1	+1.29021E-1	+1.80554E-1
+6.21500E+2	+2.25037E-1	+1.27853E-1	+1.78999E-1
+6.22000E+2	+2.29004E-1	+1.27051E-1	+1.77709E-1
+6.22500E+2	+2.30652E-1	+1.25996E-1	+1.76328E-1
+6.23000E+2	+2.30331E-1	+1.24866E-1	+1.74394E-1
+6.23500E+2	+2.27844E-1	+1.23460E-1	+1.72714E-1
+6.24000E+2	+2.28348E-1	+1.22052E-1	+1.70523E-1
+6.24500E+2	+2.18887E-1	+1.20350E-1	+1.68270E-1
+6.25000E+2	+2.21466E-1	+1.18612E-1	+1.65789E-1
+6.25500E+2	+2.18307E-1	+1.17059E-1	+1.63567E-1
+6.26000E+2	+2.16476E-1	+1.15765E-1	+1.61706E-1
+6.26500E+2	+2.15332E-1	+1.14488E-1	+1.59865E-1
+6.27000E+2	+2.09396E-1	+1.13342E-1	+1.58135E-1
+6.27500E+2	+2.14401E-1	+1.12295E-1	+1.56530E-1
+6.28000E+2	+2.12982E-1	+1.11539E-1	+1.55530E-1
+6.28500E+2	+2.08847E-1	+1.10901E-1	+1.54668E-1
+6.29000E+2	+2.07718E-1	+1.10460E-1	+1.54027E-1
+6.29500E+2	+2.07321E-1	+1.10063E-1	+1.53259E-1
+6.30000E+2	+2.07535E-1	+1.09715E-1	+1.52938E-1
+6.30500E+2	+2.03430E-1	+1.09347E-1	+1.52310E-1
+6.31000E+2	+2.08954E-1	+1.08734E-1	+1.51623E-1
+6.31500E+2	+2.03033E-1	+1.07940E-1	+1.50223E-1
+6.32000E+2	+2.04865E-1	+1.07062E-1	+1.49111E-1
+6.32500E+2	+1.99707E-1	+1.05914E-1	+1.47460E-1
+6.33000E+2	+1.98868E-1	+1.04732E-1	+1.45884E-1
+6.33500E+2	+1.97495E-1	+1.03758E-1	+1.44216E-1
+6.34000E+2	+1.98074E-1	+1.02876E-1	+1.43166E-1
+6.34500E+2	+1.97113E-1	+1.01893E-1	+1.41817E-1
+6.35000E+2	+1.96198E-1	+1.01008E-1	+1.40545E-1
+6.35500E+2	+1.95435E-1	+1.00202E-1	+1.39370E-1
+6.36000E+2	+1.90720E-1	+9.94139E-2	+1.38159E-1
+6.36500E+2	+1.93283E-1	+9.87570E-2	+1.37237E-1
+6.37000E+2	+1.92612E-1	+9.81539E-2	+1.36432E-1
+6.37500E+2	+1.89758E-1	+9.75112E-2	+1.35401E-1
+6.38000E+2	+1.91010E-1	+9.69059E-2	+1.34525E-1
+6.38500E+2	+1.83899E-1	+9.62467E-2	+1.33650E-1
+6.39000E+2	+1.92154E-1	+9.54839E-2	+1.32451E-1
+6.39500E+2	+1.80511E-1	+9.46731E-2	+1.31397E-1
+6.40000E+2	+1.84875E-1	+9.40367E-2	+1.30155E-1
+6.40500E+2	+1.92154E-1	+9.34916E-2	+1.29602E-1
+6.41000E+2	+1.82999E-1	+9.28382E-2	+1.28690E-1
+6.41500E+2	+1.79718E-1	+9.22162E-2	+1.27744E-1
+6.42000E+2	+1.80008E-1	+9.15559E-2	+1.26801E-1
+6.42500E+2	+1.84570E-1	+9.08772E-2	+1.25805E-1
+6.43000E+2	+1.77139E-1	+9.02871E-2	+1.25042E-1
+6.43500E+2	+1.78528E-1	+8.98462E-2	+1.24334E-1
+6.44000E+2	+1.79504E-1	+8.92897E-2	+1.23643E-1
+6.44500E+2	+1.74210E-1	+8.88464E-2	+1.22916E-1
+6.45000E+2	+1.80298E-1	+8.84092E-2	+1.22252E-1
+6.45500E+2	+1.73645E-1	+8.82660E-2	+1.22155E-1
+6.46000E+2	+1.77185E-1	+8.83205E-2	+1.22233E-1
+6.46500E+2	+1.69708E-1	+8.83811E-2	+1.22332E-1
+6.47000E+2	+1.72180E-1	+8.83876E-2	+1.22343E-1
+6.47500E+2	+1.73950E-1	+8.80052E-2	+1.21786E-1
+6.48000E+2	+1.74545E-1	+8.72464E-2	+1.20698E-1
+6.48500E+2	+1.74561E-1	+8.63430E-2	+1.19387E-1
+6.49000E+2	+1.72699E-1	+8.56450E-2	+1.18171E-1
+6.49500E+2	+1.66504E-1	+8.54974E-2	+1.18071E-1
+6.50000E+2	+1.73615E-1	+8.56181E-2	+1.18122E-1
+6.50500E+2	+1.74179E-1	+8.57228E-2	+1.18399E-1
+6.51000E+2	+1.82327E-1	+8.58161E-2	+1.18554E-1
+6.51500E+2	+1.73111E-1	+8.59679E-2	+1.18731E-1
+6.52000E+2	+1.71539E-1	+8.60718E-2	+1.18754E-1
+6.52500E+2	+1.76132E-1	+8.58370E-2	+1.18610E-1
+6.53000E+2	+1.68716E-1	+8.52760E-2	+1.17575E-1
+6.53500E+2	+1.74286E-1	+8.47087E-2	+1.16975E-1
+6.54000E+2	+1.69006E-1	+8.41588E-2	+1.15847E-1
+6.54500E+2	+1.66656E-1	+8.33807E-2	+1.15079E-1
+6.55000E+2	+1.70685E-1	+8.26106E-2	+1.13700E-1
+6.55500E+2	+1.72928E-1	+8.18490E-2	+1.12783E-1
+6.56000E+2	+1.69739E-1	+8.12186E-2	+1.11799E-1
+6.56500E+2	+1.61804E-1	+8.04308E-2	+1.10821E-1
+6.57000E+2	+1.59622E-1	+7.96110E-2	+1.09619E-1
+6.57500E+2	+1.58676E-1	+7.88121E-2	+1.08447E-1
+6.58000E+2	+1.59500E-1	+7.79967E-2	+1.07171E-1
+6.58500E+2	+1.56845E-1	+7.72234E-2	+1.06035E-1
+6.59000E+2	+1.54877E-1	+7.68129E-2	+1.05448E-1
+6.59500E+2	+1.65100E-1	+7.67241E-2	+1.05419E-1
+6.60000E+2	+1.57242E-1	+7.69865E-2	+1.05660E-1
+6.60500E+2	+1.59500E-1	+7.71037E-2	+1.05926E-1
+6.61000E+2	+1.62918E-1	+7.72040E-2	+1.05951E-1
+6.61500E+2	+1.63208E-1	+7.74643E-2	+1.06401E-1
+6.62000E+2	+1.62949E-1	+7.77599E-2	+1.06767E-1
+6.62500E+2	+1.70990E-1	+7.79658E-2	+1.07077E-1
+6.63000E+2	+1.64459E-1	+7.81327E-2	+1.07463E-1
+6.63500E+2	+1.63742E-1	+7.78928E-2	+1.07006E-1
+6.64000E+2	+1.65497E-1	+7.74854E-2	+1.06526E-1
+6.64500E+2	+1.58218E-1	+7.71076E-2	+1.05936E-1
+6.65000E+2	+1.63742E-1	+7.71793E-2	+1.05989E-1
+6.65500E+2	+1.57501E-1	+7.75522E-2	+1.06594E-1
+6.66000E+2	+1.64108E-1	+7.82686E-2	+1.07441E-1
+6.66500E+2	+1.64902E-1	+7.90998E-2	+1.08881E-1
+6.67000E+2	+1.64124E-1	+7.96983E-2	+1.09752E-1
+6.67500E+2	+1.61057E-1	+7.99543E-2	+1.10124E-1
+6.68000E+2	+1.62704E-1	+7.98081E-2	+1.08968E-1
+6.68500E+2	+1.61407E-1	+7.99895E-2	+1.10013E-1
+6.69000E+2	+1.71036E-1	+8.02456E-2	+1.10474E-1
+6.69500E+2	+1.63864E-1	+8.06773E-2	+1.11105E-1
+6.70000E+2	+1.62552E-1	+8.08877E-2	+1.11350E-1
+6.70500E+2	+1.62491E-1	+8.10889E-2	+1.11774E-1
+6.71000E+2	+1.72943E-1	+8.11168E-2	+1.11695E-1
+6.71500E+2	+1.69449E-1	+8.09306E-2	+1.11528E-1
+6.72000E+2	+1.62003E-1	+8.05781E-2	+1.10912E-1
+6.72500E+2	+1.66870E-1	+8.03297E-2	+1.10631E-1
+6.73000E+2	+1.63696E-1	+8.02481E-2	+1.10431E-1
+6.73500E+2	+1.61072E-1	+8.03544E-2	+1.10705E-1
+6.74000E+2	+1.65573E-1	+8.04277E-2	+1.10706E-1
+6.74500E+2	+1.69800E-1	+8.05594E-2	+1.10939E-1
+6.75000E+2	+1.69785E-1	+8.03977E-2	+1.10719E-1
+6.75500E+2	+1.61743E-1	+8.01216E-2	+1.10202E-1
+6.76000E+2	+1.65771E-1	+8.03877E-2	+1.10722E-1
+6.76500E+2	+1.63895E-1	+7.94547E-2	+1.09204E-1
+6.77000E+2	+1.73721E-1	+8.23075E-2	+1.13461E-1
+6.77500E+2	+1.70578E-1	+8.11796E-2	+1.11740E-1
+6.78000E+2	+1.73874E-1	+8.10493E-2	+1.11674E-1
+6.78500E+2	+1.67770E-1	+8.11855E-2	+1.11847E-1
+6.79000E+2	+1.68060E-1	+8.08869E-2	+1.11488E-1
+6.79500E+2	+1.66458E-1	+8.10348E-2	+1.11699E-1
+6.80000E+2	+1.64963E-1	+8.07782E-2	+1.11336E-1
+6.80500E+2	+1.66306E-1	+8.05597E-2	+1.11007E-1
+6.81000E+2	+1.66367E-1	+8.04399E-2	+1.10687E-1
+6.81500E+2	+1.66245E-1	+8.05974E-2	+1.11070E-1
+6.82000E+2	+1.66534E-1	+8.02281E-2	+1.10240E-1
+6.82500E+2	+1.68625E-1	+8.00645E-2	+1.10201E-1
+6.83000E+2	+1.63620E-1	+7.92144E-2	+1.08933E-1
+6.83500E+2	+1.60309E-1	+7.84685E-2	+1.07938E-1
+6.84000E+2	+1.64139E-1	+7.82591E-2	+1.07570E-1
+6.84500E+2	+1.61850E-1	+7.82973E-2	+1.07662E-1
+6.85000E+2	+1.64993E-1	+7.85353E-2	+1.07808E-1
+6.85500E+2	+1.63803E-1	+7.86282E-2	+1.08190E-1
+6.86000E+2	+1.63147E-1	+7.86672E-2	+1.08000E-1
+6.86500E+2	+1.64566E-1	+7.87269E-2	+1.08270E-1
+6.87000E+2	+1.65848E-1	+7.92118E-2	+1.08710E-1
+6.87500E+2	+1.63055E-1	+7.93832E-2	+1.09314E-1
+6.88000E+2	+1.64276E-1	+7.94651E-2	+1.09409E-1
+6.88500E+2	+1.65161E-1	+7.95661E-2	+1.09561E-1
+6.89000E+2	+1.67587E-1	+7.95284E-2	+1.09408E-1
+6.89500E+2	+1.63818E-1	+7.95723E-2	+1.09569E-1
+6.90000E+2	+1.67908E-1	+7.95752E-2	+1.09592E-1
+6.90500E+2	+1.63910E-1	+7.97213E-2	+1.09787E-1
+6.91000E+2	+1.67007E-1	+7.97748E-2	+1.09860E-1
+6.91500E+2	+1.69098E-1	+7.97746E-2	+1.09871E-1
+6.92000E+2	+1.62918E-1	+7.96248E-2	+1.09552E-1
+6.92500E+2	+1.64200E-1	+7.92322E-2	+1.09078E-1
+6.93000E+2	+1.65268E-1	+7.87093E-2	+1.08321E-1
+6.93500E+2	+1.61942E-1	+7.83443E-2	+1.07799E-1
+6.94000E+2	+1.56708E-1	+7.80075E-2	+1.07306E-1
+6.94500E+2	+1.58844E-1	+7.77402E-2	+1.06705E-1
+6.95000E+2	+1.61194E-1	+7.74597E-2	+1.06511E-1
+6.95500E+2	+1.63940E-1	+7.74368E-2	+1.06446E-1
+6.96000E+2	+1.61621E-1	+7.74388E-2	+1.06474E-1
+6.96500E+2	+1.60568E-1	+7.74729E-2	+1.06382E-1
+6.97000E+2	+1.59897E-1	+7.73509E-2	+1.06309E-1
+6.97500E+2	+1.56708E-1	+7.72420E-2	+1.06028E-1
+6.98000E+2	+1.63818E-1	+7.70578E-2	+1.05883E-1
+6.98500E+2	+1.62323E-1	+7.69185E-2	+1.05581E-1
+6.99000E+2	+1.63879E-1	+7.70055E-2	+1.05810E-1
+6.99500E+2	+1.58356E-1	+7.70957E-2	+1.05807E-1
+7.00000E+2	+1.65756E-1	+7.70785E-2	+1.05926E-1
+7.00500E+2	+1.63498E-1	+7.70116E-2	+1.05850E-1
+7.01000E+2	+1.62079E-1	+7.68533E-2	+1.05643E-1
+7.01500E+2	+1.58615E-1	+7.66401E-2	+1.05242E-1
+7.02000E+2	+1.58173E-1	+7.66070E-2	+1.05254E-1
+7.02500E+2	+1.60797E-1	+7.65239E-2	+1.05172E-1
+7.03000E+2	+1.59668E-1	+7.64810E-2	+1.05107E-1
+7.03500E+2	+1.62018E-1	+7.65143E-2	+1.05152E-1
+7.04000E+2	+1.62033E-1	+7.66104E-2	+1.05285E-1
+7.04500E+2	+1.50177E-1	+7.67936E-2	+1.05551E-1
+7.05000E+2	+1.55151E-1	+7.69334E-2	+1.05731E-1
+7.05500E+2	+1.60065E-1	+7.63510E-2	+1.04899E-1
+7.06000E+2	+1.59988E-1	+7.62534E-2	+1.04703E-1
+7.06500E+2	+1.58569E-1	+7.65663E-2	+1.05203E-1
+7.07000E+2	+1.62949E-1	+7.72405E-2	+1.05969E-1
+7.07500E+2	+1.60645E-1	+7.81650E-2	+1.07452E-1
+7.08000E+2	+1.66656E-1	+7.90413E-2	+1.08629E-1
+7.08500E+2	+1.66565E-1	+7.99698E-2	+1.10124E-1
+7.09000E+2	+1.67923E-1	+8.05234E-2	+1.10904E-1
+7.09500E+2	+1.64871E-1	+8.09666E-2	+1.11430E-1
+7.10000E+2	+1.65604E-1	+8.11009E-2	+1.11749E-1
+7.10500E+2	+1.65115E-1	+8.12313E-2	+1.11592E-1
+7.11000E+2	+1.70380E-1	+8.14943E-2	+1.12342E-1
+7.11500E+2	+1.64612E-1	+8.21769E-2	+1.13195E-1
+7.12000E+2	+1.71112E-1	+8.31197E-2	+1.14553E-1
+7.12500E+2	+1.70044E-1	+8.44130E-2	+1.16594E-1
+7.13000E+2	+1.70609E-1	+8.57446E-2	+1.18526E-1
+7.13500E+2	+1.75537E-1	+8.68233E-2	+1.20084E-1
+7.14000E+2	+1.74561E-1	+8.73349E-2	+1.20680E-1
+7.14500E+2	+1.76239E-1	+8.75516E-2	+1.21151E-1
+7.15000E+2	+1.75827E-1	+8.77928E-2	+1.21495E-1
+7.15500E+2	+1.81808E-1	+8.81513E-2	+1.22014E-1
+7.16000E+2	+1.79520E-1	+8.85354E-2	+1.22564E-1
+7.16500E+2	+1.72928E-1	+8.89018E-2	+1.23095E-1
+7.17000E+2	+1.82785E-1	+8.91125E-2	+1.23227E-1
+7.17500E+2	+1.82877E-1	+8.92505E-2	+1.23471E-1
+7.18000E+2	+1.80374E-1	+8.91128E-2	+1.23310E-1
+7.18500E+2	+1.77368E-1	+8.90258E-2	+1.23277E-1
+7.19000E+2	+1.80161E-1	+8.91074E-2	+1.22989E-1
+7.19500E+2	+1.83075E-1	+8.93502E-2	+1.23585E-1
+7.20000E+2	+1.79398E-1	+8.93785E-2	+1.23724E-1
+7.20500E+2	+1.74988E-1	+8.95008E-2	+1.23884E-1
+7.21000E+2	+1.79764E-1	+8.96294E-2	+1.24146E-1
+7.21500E+2	+1.81488E-1	+8.98405E-2	+1.24428E-1
+7.22000E+2	+1.78146E-1	+9.01282E-2	+1.24858E-1
+7.22500E+2	+1.80573E-1	+9.04669E-2	+1.25074E-1
+7.23000E+2	+1.82419E-1	+9.08617E-2	+1.25767E-1
+7.23500E+2	+1.82159E-1	+9.14059E-2	+1.26672E-1
+7.24000E+2	+1.89590E-1	+9.22518E-2	+1.27947E-1
+7.24500E+2	+1.82526E-1	+9.33067E-2	+1.29426E-1
+7.25000E+2	+1.90186E-1	+9.42744E-2	+1.30749E-1
+7.25500E+2	+1.88889E-1	+9.50618E-2	+1.31775E-1
+7.26000E+2	+1.82709E-1	+9.54923E-2	+1.32596E-1
+7.26500E+2	+1.89728E-1	+9.56838E-2	+1.32840E-1
+7.27000E+2	+1.83304E-1	+9.58003E-2	+1.33056E-1
+7.27500E+2	+1.81946E-1	+9.61068E-2	+1.33498E-1
+7.28000E+2	+1.85425E-1	+9.65103E-2	+1.34081E-1
+7.28500E+2	+1.86676E-1	+9.69809E-2	+1.34751E-1
+7.29000E+2	+1.88339E-1	+9.74453E-2	+1.35416E-1
+7.29500E+2	+1.90094E-1	+9.78392E-2	+1.35980E-1
+7.30000E+2	+1.90277E-1	+9.80756E-2	+1.36162E-1
+7.30500E+2	+1.96930E-1	+9.81191E-2	+1.36210E-1
+7.31000E+2	+1.91788E-1	+9.79939E-2	+1.36022E-1
+7.31500E+2	+1.90414E-1	+9.76410E-2	+1.35675E-1
+7.32000E+2	+1.91193E-1	+9.70835E-2	+1.34621E-1
+7.32500E+2	+1.77551E-1	+9.66478E-2	+1.34151E-1
+7.33000E+2	+1.83228E-1	+9.68026E-2	+1.34385E-1
+7.33500E+2	+1.87485E-1	+9.74965E-2	+1.35052E-1
+7.34000E+2	+1.86691E-1	+9.85819E-2	+1.37055E-1
+7.34500E+2	+1.92932E-1	+1.00100E-1	+1.39166E-1
+7.35000E+2	+1.97968E-1	+1.01941E-1	+1.41829E-1
+7.35500E+2	+1.95953E-1	+1.03818E-1	+1.44575E-1
+7.36000E+2	+2.02682E-1	+1.05475E-1	+1.46767E-1
+7.36500E+2	+2.02744E-1	+1.06832E-1	+1.48907E-1
+7.37000E+2	+2.00531E-1	+1.08102E-1	+1.50726E-1
+7.37500E+2	+2.07672E-1	+1.09721E-1	+1.53036E-1
+7.38000E+2	+2.07260E-1	+1.11398E-1	+1.55450E-1
+7.38500E+2	+2.07367E-1	+1.12880E-1	+1.57445E-1
+7.39000E+2	+2.11182E-1	+1.13861E-1	+1.58968E-1
+7.39500E+2	+2.10754E-1	+1.14579E-1	+1.59763E-1
+7.40000E+2	+2.16248E-1	+1.14997E-1	+1.59386E-1
+7.40500E+2	+2.16125E-1	+1.15078E-1	+1.60188E-1
+7.41000E+2	+2.14584E-1	+1.15062E-1	+1.60570E-1
+7.41500E+2	+2.17773E-1	+1.15461E-1	+1.61021E-1
+7.42000E+2	+2.09381E-1	+1.16425E-1	+1.62619E-1
+7.42500E+2	+2.17850E-1	+1.17667E-1	+1.64045E-1
+7.43000E+2	+2.20078E-1	+1.18734E-1	+1.65880E-1
+7.43500E+2	+2.20093E-1	+1.19475E-1	+1.66627E-1
+7.44000E+2	+2.24197E-1	+1.19709E-1	+1.66993E-1
+7.44500E+2	+2.26929E-1	+1.19875E-1	+1.67492E-1
+7.45000E+2	+2.21039E-1	+1.19773E-1	+1.67303E-1
+7.45500E+2	+2.18735E-1	+1.19521E-1	+1.66938E-1
+7.46000E+2	+2.19818E-1	+1.19479E-1	+1.66614E-1
+7.46500E+2	+2.08252E-1	+1.19968E-1	+1.67574E-1
+7.47000E+2	+2.21085E-1	+1.20606E-1	+1.68190E-1
+7.47500E+2	+2.23953E-1	+1.20778E-1	+1.68883E-1
+7.48000E+2	+2.22061E-1	+1.20075E-1	+1.67672E-1
+7.48500E+2	+2.20673E-1	+1.18858E-1	+1.66031E-1
+7.49000E+2	+2.18216E-1	+1.18263E-1	+1.65104E-1
+7.49500E+2	+2.17880E-1	+1.18569E-1	+1.65619E-1
+7.50000E+2	+2.18124E-1	+1.19241E-1	+1.66353E-1
+7.50500E+2	+2.19864E-1	+1.19848E-1	+1.67223E-1
+7.51000E+2	+2.23709E-1	+1.20318E-1	+1.67996E-1
+7.51500E+2	+2.17987E-1	+1.20171E-1	+1.68024E-1
+7.52000E+2	+2.19193E-1	+1.19564E-1	+1.67166E-1
+7.52500E+2	+2.22015E-1	+1.18728E-1	+1.65814E-1
+7.53000E+2	+2.15851E-1	+1.17801E-1	+1.64639E-1
+7.53500E+2	+2.15561E-1	+1.16852E-1	+1.63283E-1
+7.54000E+2	+2.18018E-1	+1.16152E-1	+1.62192E-1
+7.54500E+2	+2.13074E-1	+1.15840E-1	+1.61796E-1
+7.55000E+2	+2.14233E-1	+1.15606E-1	+1.61499E-1
+7.55500E+2	+2.11624E-1	+1.15043E-1	+1.60682E-1
+7.56000E+2	+2.11044E-1	+1.14353E-1	+1.59697E-1
+7.56500E+2	+2.12036E-1	+1.13909E-1	+1.58735E-1
+7.57000E+2	+2.13120E-1	+1.14144E-1	+1.59265E-1
+7.57500E+2	+2.10953E-1	+1.14855E-1	+1.60106E-1
+7.58000E+2	+2.16614E-1	+1.15949E-1	+1.61892E-1
+7.58500E+2	+2.16583E-1	+1.17121E-1	+1.63339E-1
+7.59000E+2	+2.15622E-1	+1.18032E-1	+1.64703E-1
+7.59500E+2	+2.17300E-1	+1.18234E-1	+1.64935E-1
+7.60000E+2	+2.17697E-1	+1.17786E-1	+1.64426E-1
+7.60500E+2	+2.15347E-1	+1.17113E-1	+1.63642E-1
+7.61000E+2	+2.15698E-1	+1.16700E-1	+1.62859E-1
+7.61500E+2	+2.12097E-1	+1.16708E-1	+1.63064E-1
+7.62000E+2	+2.14844E-1	+1.16727E-1	+1.62958E-1
+7.62500E+2	+2.15973E-1	+1.16537E-1	+1.62808E-1
+7.63000E+2	+2.11197E-1	+1.16162E-1	+1.62051E-1
+7.63500E+2	+2.10510E-1	+1.15401E-1	+1.61189E-1
+7.64000E+2	+2.15851E-1	+1.14473E-1	+1.59525E-1
+7.64500E+2	+2.11380E-1	+1.13753E-1	+1.58828E-1
+7.65000E+2	+2.12341E-1	+1.13254E-1	+1.58115E-1
+7.65500E+2	+2.13959E-1	+1.12923E-1	+1.57649E-1
+7.66000E+2	+2.11090E-1	+1.12945E-1	+1.57653E-1
+7.66500E+2	+2.10800E-1	+1.07954E-1	+1.50335E-1
+7.67000E+2	+2.00470E-1	+1.04168E-1	+1.45057E-1
+7.67500E+2	+2.01859E-1	+1.04611E-1	+1.45681E-1
+7.68000E+2	+1.96945E-1	+1.04382E-1	+1.45198E-1
+7.68500E+2	+1.99554E-1	+1.03455E-1	+1.44004E-1
+7.69000E+2	+1.96625E-1	+1.02335E-1	+1.42402E-1
+7.69500E+2	+1.94748E-1	+1.01165E-1	+1.40546E-1
+7.70000E+2	+1.92169E-1	+1.00355E-1	+1.39546E-1
+7.70500E+2	+1.85791E-1	+9.93672E-2	+1.38088E-1
+7.71000E+2	+1.89316E-1	+9.83398E-2	+1.36621E-1
+7.71500E+2	+1.84525E-1	+9.70951E-2	+1.34830E-1
+7.72000E+2	+1.87485E-1	+9.56317E-2	+1.32646E-1
+7.72500E+2	+1.87256E-1	+9.39594E-2	+1.30325E-1
+7.73000E+2	+1.82755E-1	+9.21180E-2	+1.27487E-1
+7.73500E+2	+1.82602E-1	+9.02840E-2	+1.24961E-1
+7.74000E+2	+1.78314E-1	+8.83930E-2	+1.21909E-1
+7.74500E+2	+1.74622E-1	+8.67947E-2	+1.19739E-1
+7.75000E+2	+1.70212E-1	+8.58106E-2	+1.18379E-1
+7.75500E+2	+1.71432E-1	+8.50637E-2	+1.17282E-1
+7.76000E+2	+1.74164E-1	+8.42742E-2	+1.16243E-1
+7.76500E+2	+1.70044E-1	+8.29049E-2	+1.14343E-1
+7.77000E+2	+1.76727E-1	+8.15915E-2	+1.12195E-1
+7.77500E+2	+1.62369E-1	+8.02011E-2	+1.10254E-1
+7.78000E+2	+1.72470E-1	+7.87578E-2	+1.08349E-1
+7.78500E+2	+1.57822E-1	+7.70505E-2	+1.05873E-1
+7.79000E+2	+1.54724E-1	+7.51733E-2	+1.03106E-1
+7.79500E+2	+1.53381E-1	+7.34988E-2	+1.00694E-1
+7.80000E+2	+1.55426E-1	+7.17329E-2	+9.81110E-2
+7.80500E+2	+1.50223E-1	+7.00675E-2	+9.56629E-2
+7.81000E+2	+1.45798E-1	+6.87285E-2	+9.36924E-2
+7.81500E+2	+1.46988E-1	+6.75837E-2	+9.20071E-2
+7.82000E+2	+1.45828E-1	+6.64253E-2	+9.01847E-2
+7.82500E+2	+1.48468E-1	+6.49260E-2	+8.79621E-2
+7.83000E+2	+1.39252E-1	+6.33066E-2	+8.57252E-2
+7.83500E+2	+1.42014E-1	+6.15105E-2	+8.30519E-2
+7.84000E+2	+1.32980E-1	+6.01336E-2	+8.10463E-2
+7.84500E+2	+1.38306E-1	+5.87064E-2	+7.88614E-2
+7.85000E+2	+1.31943E-1	+5.73120E-2	+7.68408E-2
+7.85500E+2	+1.28479E-1	+5.60377E-2	+7.49308E-2
+7.86000E+2	+1.29242E-1	+5.49772E-2	+7.33045E-2
+7.86500E+2	+1.28082E-1	+5.39086E-2	+7.17561E-2
+7.87000E+2	+1.28632E-1	+5.28159E-2	+6.98968E-2
+7.87500E+2	+1.23672E-1	+5.19015E-2	+6.87082E-2
+7.88000E+2	+1.21735E-1	+5.08807E-2	+6.71839E-2
+7.88500E+2	+1.23154E-1	+4.95362E-2	+6.51424E-2
+7.89000E+2	+1.15906E-1	+4.89999E-2	+6.42790E-2
+7.89500E+2	+1.17554E-1	+4.86489E-2	+6.37568E-2
+7.90000E+2	+1.21429E-1	+4.85809E-2	+6.36715E-2
+7.90500E+2	+1.21536E-1	+4.84865E-2	+6.35021E-2
+7.91000E+2	+1.19522E-1	+4.82941E-2	+6.32345E-2
+7.91500E+2	+1.23123E-1	+4.79276E-2	+6.28105E-2
+7.92000E+2	+1.16928E-1	+4.73128E-2	+6.16605E-2
+7.92500E+2	+1.16791E-1	+4.65184E-2	+6.05458E-2
+7.93000E+2	+1.16577E-1	+4.58818E-2	+5.95396E-2
+7.93500E+2	+1.13525E-1	+4.56770E-2	+5.92787E-2
+7.94000E+2	+1.17950E-1	+4.58342E-2	+5.95787E-2
+7.94500E+2	+1.18759E-1	+4.61588E-2	+6.00394E-2
+7.95000E+2	+1.14380E-1	+4.64295E-2	+6.04969E-2
+7.95500E+2	+1.15067E-1	+4.66583E-2	+6.08385E-2
+7.96000E+2	+1.12930E-1	+4.64492E-2	+6.05109E-2
+7.96500E+2	+1.14868E-1	+4.55268E-2	+5.90700E-2
+7.97000E+2	+1.17020E-1	+4.40730E-2	+5.67410E-2
+7.97500E+2	+1.11526E-1	+4.25873E-2	+5.45015E-2
+7.98000E+2	+1.08597E-1	+4.13941E-2	+5.25844E-2
+7.98500E+2	+1.06415E-1	+4.04554E-2	+5.11517E-2
+7.99000E+2	+1.04401E-1	+3.97983E-2	+5.00419E-2
+7.99500E+2	+1.08124E-1	+3.92576E-2	+4.92338E-2
+8.00000E+2	+1.03638E-1	+3.90715E-2	+4.89801E-2
+8.00500E+2	+1.07697E-1	+3.89301E-2	+4.86477E-2
+8.01000E+2	+1.05927E-1	+3.89140E-2	+4.87258E-2
+8.01500E+2	+1.05713E-1	+3.89936E-2	+4.87053E-2
+8.02000E+2	+1.12366E-1	+3.88693E-2	+4.85859E-2
+8.02500E+2	+1.02020E-1	+3.85738E-2	+4.81256E-2
+8.03000E+2	+1.02951E-1	+3.82305E-2	+4.75650E-2
+8.03500E+2	+1.01425E-1	+3.76420E-2	+4.66512E-2
+8.04000E+2	+1.01929E-1	+3.71571E-2	+4.59168E-2
+8.04500E+2	+9.73663E-2	+3.66523E-2	+4.50850E-2
+8.05000E+2	+1.03226E-1	+3.64084E-2	+4.46794E-2
+8.05500E+2	+1.01273E-1	+3.63722E-2	+4.45446E-2
+8.06000E+2	+1.03119E-1	+3.63775E-2	+4.45350E-2
+8.06500E+2	+9.93805E-2	+3.61121E-2	+4.40665E-2
+8.07000E+2	+1.02509E-1	+3.53089E-2	+4.27590E-2
+8.07500E+2	+1.00433E-1	+3.43987E-2	+4.11860E-2
+8.08000E+2	+1.00067E-1	+3.36417E-2	+3.99438E-2
+8.08500E+2	+9.77936E-2	+3.35443E-2	+3.98136E-2
+8.09000E+2	+1.00723E-1	+3.35094E-2	+3.97424E-2
+8.09500E+2	+9.48486E-2	+3.35071E-2	+3.97345E-2
+8.10000E+2	+1.00891E-1	+3.36581E-2	+3.99801E-2
+8.10500E+2	+9.75647E-2	+3.38105E-2	+4.02505E-2
+8.11000E+2	+9.58405E-2	+3.38649E-2	+4.03577E-2
+8.11500E+2	+1.01318E-1	+3.38031E-2	+4.02396E-2
+8.12000E+2	+9.71832E-2	+3.37075E-2	+4.00607E-2
+8.12500E+2	+9.86481E-2	+3.35331E-2	+3.98074E-2
+8.13000E+2	+9.68933E-2	+3.31484E-2	+3.92024E-2
+8.13500E+2	+9.50623E-2	+3.31141E-2	+3.90918E-2
+8.14000E+2	+9.58099E-2	+3.33132E-2	+3.95671E-2
+8.14500E+2	+9.70306E-2	+3.36757E-2	+4.01590E-2
+8.15000E+2	+9.54132E-2	+3.39889E-2	+4.07061E-2
+8.15500E+2	+9.83887E-2	+3.43921E-2	+4.13488E-2
+8.16000E+2	+1.00098E-1	+3.46734E-2	+4.18472E-2
+8.16500E+2	+9.62830E-2	+3.48693E-2	+4.21598E-2
+8.17000E+2	+9.79309E-2	+3.49072E-2	+4.22536E-2
+8.17500E+2	+1.02386E-1	+3.47391E-2	+4.18684E-2
+8.18000E+2	+9.87854E-2	+3.44860E-2	+4.15339E-2
+8.18500E+2	+1.02341E-1	+3.42823E-2	+4.12021E-2
+8.19000E+2	+1.00586E-1	+3.41028E-2	+4.08046E-2
+8.19500E+2	+9.41620E-2	+3.39331E-2	+4.05314E-2
+8.20000E+2	+9.52759E-2	+3.33916E-2	+3.96550E-2
+8.20500E+2	+9.89075E-2	+3.27997E-2	+3.87250E-2
+8.21000E+2	+9.94568E-2	+3.22748E-2	+3.77835E-2
+8.21500E+2	+9.67407E-2	+3.22189E-2	+3.75290E-2
+8.22000E+2	+8.99658E-2	+3.24636E-2	+3.80144E-2
+8.22500E+2	+9.39636E-2	+3.30405E-2	+3.90634E-2
+8.23000E+2	+9.93042E-2	+3.37155E-2	+4.01850E-2
+8.23500E+2	+9.80225E-2	+3.41551E-2	+4.04575E-2
+8.24000E+2	+9.77478E-2	+3.40495E-2	+4.04849E-2
+8.24500E+2	+9.72290E-2	+3.39410E-2	+4.04460E-2
+8.25000E+2	+9.33380E-2	+3.38768E-2	+4.03663E-2
+8.25500E+2	+9.52301E-2	+3.38212E-2	+4.02389E-2
+8.26000E+2	+9.63440E-2	+3.38356E-2	+4.02769E-2
+8.26500E+2	+9.49554E-2	+3.36579E-2	+4.00223E-2
+8.27000E+2	+9.95026E-2	+3.35495E-2	+3.98770E-2
+8.27500E+2	+9.50623E-2	+3.36026E-2	+3.98699E-2
+8.28000E+2	+9.46503E-2	+3.38579E-2	+4.04293E-2
+8.28500E+2	+9.61456E-2	+3.42632E-2	+4.10815E-2
+8.29000E+2	+9.85107E-2	+3.47500E-2	+4.18846E-2
+8.29500E+2	+1.02615E-1	+3.51921E-2	+4.26758E-2
+8.30000E+2	+9.80072E-2	+3.57715E-2	+4.35671E-2
+8.30500E+2	+1.01349E-1	+3.61459E-2	+4.41422E-2
+8.31000E+2	+1.02524E-1	+3.62975E-2	+4.44545E-2
+8.31500E+2	+9.80377E-2	+3.60016E-2	+4.39619E-2
+8.32000E+2	+1.00952E-1	+3.57876E-2	+4.36375E-2
+8.32500E+2	+9.55200E-2	+3.52244E-2	+4.26289E-2
+8.33000E+2	+9.83429E-2	+3.48254E-2	+4.20109E-2
+8.33500E+2	+9.75952E-2	+3.44672E-2	+4.13966E-2
+8.34000E+2	+9.79919E-2	+3.45034E-2	+4.14884E-2
+8.34500E+2	+9.56421E-2	+3.45946E-2	+4.16626E-2
+8.35000E+2	+1.01593E-1	+3.46991E-2	+4.18357E-2
+8.35500E+2	+9.81598E-2	+3.46449E-2	+4.17297E-2
+8.36000E+2	+9.94873E-2	+3.43334E-2	+4.12863E-2
+8.36500E+2	+9.67255E-2	+3.40977E-2	+4.08724E-2
+8.37000E+2	+1.00281E-1	+3.40282E-2	+4.07554E-2
+8.37500E+2	+9.86481E-2	+3.42045E-2	+4.10550E-2
+8.38000E+2	+9.96704E-2	+3.48181E-2	+4.20139E-2
+8.38500E+2	+1.00266E-1	+3.56458E-2	+4.33791E-2
+8.39000E+2	+1.06781E-1	+3.67850E-2	+4.53096E-2
+8.39500E+2	+1.08749E-1	+3.79864E-2	+4.71708E-2
+8.40000E+2	+1.10229E-1	+3.90347E-2	+4.88084E-2
+8.40500E+2	+1.05423E-1	+4.00171E-2	+5.04000E-2
+8.41000E+2	+1.09680E-1	+4.10340E-2	+5.20308E-2
+8.41500E+2	+1.10840E-1	+4.22968E-2	+5.39006E-2
+8.42000E+2	+1.11374E-1	+4.34138E-2	+5.56918E-2
+8.42500E+2	+1.19415E-1	+4.41423E-2	+5.68049E-2
+8.43000E+2	+1.11862E-1	+4.45631E-2	+5.75039E-2
+8.43500E+2	+1.10672E-1	+4.49085E-2	+5.78119E-2
+8.44000E+2	+1.18164E-1	+4.51442E-2	+5.83720E-2
+8.44500E+2	+1.16013E-1	+4.53615E-2	+5.84673E-2
+8.45000E+2	+1.17020E-1	+4.54806E-2	+5.87714E-2
+8.45500E+2	+1.17783E-1	+4.62505E-2	+6.00564E-2
+8.46000E+2	+1.18866E-1	+4.75591E-2	+6.19776E-2
+8.46500E+2	+1.17996E-1	+4.92074E-2	+6.45343E-2
+8.47000E+2	+1.21292E-1	+5.05252E-2	+6.63492E-2
+8.47500E+2	+1.23886E-1	+5.15204E-2	+6.80532E-2
+8.48000E+2	+1.21811E-1	+5.20475E-2	+6.87460E-2
+8.48500E+2	+1.26907E-1	+5.22546E-2	+6.90375E-2
+8.49000E+2	+1.26831E-1	+5.21691E-2	+6.89745E-2
+8.49500E+2	+1.24374E-1	+5.20400E-2	+6.88351E-2
+8.50000E+2	+1.24893E-1	+5.22608E-2	+6.89245E-2
+8.50500E+2	+1.25687E-1	+5.26961E-2	+6.98588E-2
+8.51000E+2	+1.27991E-1	+5.31566E-2	+7.05747E-2
+8.51500E+2	+1.30875E-1	+5.38267E-2	+7.15225E-2
+8.52000E+2	+1.28296E-1	+5.45323E-2	+7.26585E-2
+8.52500E+2	+1.32797E-1	+5.54387E-2	+7.40145E-2
+8.53000E+2	+1.34949E-1	+5.60443E-2	+7.49511E-2
+8.53500E+2	+1.35208E-1	+5.67396E-2	+7.59845E-2
+8.54000E+2	+1.32812E-1	+5.72932E-2	+7.68130E-2
+8.54500E+2	+1.29517E-1	+5.76799E-2	+7.73912E-2
+8.55000E+2	+1.37421E-1	+5.81348E-2	+7.79111E-2
+8.55500E+2	+1.35071E-1	+5.85825E-2	+7.87411E-2
+8.56000E+2	+1.33957E-1	+5.90384E-2	+7.93559E-2
+8.56500E+2	+1.34995E-1	+5.94038E-2	+7.99530E-2
+8.57000E+2	+1.39008E-1	+5.96410E-2	+8.00453E-2
+8.57500E+2	+1.35956E-1	+6.00346E-2	+8.07829E-2
+8.58000E+2	+1.33148E-1	+6.04412E-2	+8.11885E-2
+8.58500E+2	+1.34933E-1	+6.10620E-2	+8.23668E-2
+8.59000E+2	+1.33743E-1	+6.16822E-2	+8.30452E-2
+8.59500E+2	+1.40198E-1	+6.24149E-2	+8.43994E-2
+8.60000E+2	+1.44730E-1	+6.29389E-2	+8.50056E-2
+8.60500E+2	+1.40930E-1	+6.32890E-2	+8.56026E-2
+8.61000E+2	+1.41342E-1	+6.35427E-2	+8.58489E-2
+8.61500E+2	+1.39679E-1	+6.40120E-2	+8.65825E-2
+8.62000E+2	+1.41434E-1	+6.46080E-2	+8.75967E-2
+8.62500E+2	+1.42776E-1	+6.52769E-2	+8.84956E-2
+8.63000E+2	+1.42471E-1	+6.60302E-2	+8.95561E-2
+8.63500E+2	+1.45340E-1	+6.67417E-2	+9.06760E-2
+8.64000E+2	+1.49460E-1	+6.75117E-2	+9.18073E-2
+8.64500E+2	+1.48865E-1	+6.81566E-2	+9.28343E-2
+8.65000E+2	+1.50955E-1	+6.83969E-2	+9.29880E-2
+8.65500E+2	+1.47141E-1	+6.83097E-2	+9.30215E-2
+8.66000E+2	+1.44745E-1	+6.80583E-2	+9.25767E-2
+8.66500E+2	+1.43295E-1	+6.82206E-2	+9.29840E-2
+8.67000E+2	+1.54099E-1	+6.91094E-2	+9.42692E-2
+8.67500E+2	+1.52496E-1	+7.04373E-2	+9.58631E-2
+8.68000E+2	+1.53381E-1	+7.20934E-2	+9.86333E-2
+8.68500E+2	+1.54800E-1	+7.40071E-2	+1.01267E-1
+8.69000E+2	+1.63177E-1	+7.63336E-2	+1.04821E-1
+8.69500E+2	+1.63193E-1	+7.84432E-2	+1.07861E-1
+8.70000E+2	+1.62155E-1	+7.98887E-2	+1.09990E-1
+8.70500E+2	+1.64764E-1	+8.04055E-2	+1.10734E-1
+8.71000E+2	+1.56509E-1	+8.05155E-2	+1.10745E-1
+8.71500E+2	+1.58218E-1	+8.07733E-2	+1.11296E-1
+8.72000E+2	+1.63849E-1	+8.01026E-2	+1.10111E-1
+8.72500E+2	+1.63727E-1	+7.97123E-2	+1.09662E-1
+8.73000E+2	+1.62811E-1	+7.91900E-2	+1.08842E-1
+8.73500E+2	+1.58463E-1	+7.88367E-2	+1.08386E-1
+8.74000E+2	+1.64383E-1	+7.87901E-2	+1.08299E-1
+8.74500E+2	+1.64764E-1	+7.93131E-2	+1.08793E-1
+8.75000E+2	+1.61591E-1	+8.01120E-2	+1.10265E-1
+8.75500E+2	+1.63818E-1	+8.14195E-2	+1.11948E-1
+8.76000E+2	+1.77429E-1	+8.30288E-2	+1.14121E-1
+8.76500E+2	+1.74408E-1	+8.45261E-2	+1.16628E-1
+8.77000E+2	+1.74362E-1	+8.60830E-2	+1.18617E-1
+8.77500E+2	+1.73508E-1	+8.74137E-2	+1.20779E-1
+8.78000E+2	+1.76636E-1	+8.84584E-2	+1.22204E-1
+8.78500E+2	+1.78711E-1	+8.91387E-2	+1.23308E-1
+8.79000E+2	+1.83899E-1	+8.99185E-2	+1.24098E-1
+8.79500E+2	+1.78482E-1	+9.06179E-2	+1.25363E-1
+8.80000E+2	+1.80725E-1	+9.12736E-2	+1.26077E-1
+8.80500E+2	+1.84280E-1	+9.21638E-2	+1.27583E-1
+8.81000E+2	+1.81793E-1	+9.34101E-2	+1.29460E-1
+8.81500E+2	+1.85104E-1	+9.47258E-2	+1.31444E-1
+8.82000E+2	+1.85608E-1	+9.59882E-2	+1.33165E-1
+8.82500E+2	+1.89590E-1	+9.74914E-2	+1.35439E-1
+8.83000E+2	+1.94672E-1	+9.88524E-2	+1.37328E-1
+8.83500E+2	+1.93893E-1	+1.00660E-1	+1.39932E-1
+8.84000E+2	+1.90155E-1	+1.03098E-1	+1.43494E-1
+8.84500E+2	+2.01279E-1	+1.05439E-1	+1.46853E-1
+8.85000E+2	+2.06650E-1	+1.07244E-1	+1.49359E-1
+8.85500E+2	+2.04666E-1	+1.09149E-1	+1.52022E-1
+8.86000E+2	+2.06177E-1	+1.10666E-1	+1.54324E-1
+8.86500E+2	+2.08405E-1	+1.12258E-1	+1.56657E-1
+8.87000E+2	+2.11548E-1	+1.13587E-1	+1.58550E-1
+8.87500E+2	+2.12662E-1	+1.14735E-1	+1.60187E-1
+8.88000E+2	+2.20032E-1	+1.15885E-1	+1.61513E-1
+8.88500E+2	+2.13715E-1	+1.17156E-1	+1.63659E-1
+8.89000E+2	+2.19208E-1	+1.18907E-1	+1.65808E-1
+8.89500E+2	+2.19406E-1	+1.20825E-1	+1.68618E-1
+8.90000E+2	+2.21115E-1	+1.22674E-1	+1.71531E-1
+8.90500E+2	+2.23526E-1	+1.24436E-1	+1.74019E-1
+8.91000E+2	+2.29538E-1	+1.26450E-1	+1.76937E-1
+8.91500E+2	+2.34619E-1	+1.28473E-1	+1.79420E-1
+8.92000E+2	+2.31003E-1	+1.30528E-1	+1.82559E-1
+8.92500E+2	+2.36572E-1	+1.32403E-1	+1.85162E-1
+8.93000E+2	+2.44492E-1	+1.34061E-1	+1.87804E-1
+8.93500E+2	+2.42966E-1	+1.35592E-1	+1.89535E-1
+8.94000E+2	+2.48215E-1	+1.36988E-1	+1.91772E-1
+8.94500E+2	+2.46033E-1	+1.38238E-1	+1.93410E-1
+8.95000E+2	+2.43484E-1	+1.39291E-1	+1.94815E-1
+8.95500E+2	+2.50427E-1	+1.40225E-1	+1.95736E-1
+8.96000E+2	+2.49786E-1	+1.41361E-1	+1.98070E-1
+8.96500E+2	+2.51984E-1	+1.42918E-1	+1.99861E-1
+8.97000E+2	+2.54837E-1	+1.45167E-1	+2.03637E-1
+8.97500E+2	+2.56393E-1	+1.47870E-1	+2.07222E-1
+8.98000E+2	+2.63565E-1	+1.51013E-1	+2.11678E-1
+8.98500E+2	+2.73010E-1	+1.54400E-1	+2.16722E-1
+8.99000E+2	+2.76031E-1	+1.57324E-1	+2.20160E-1
+8.99500E+2	+2.67273E-1	+1.59056E-1	+2.22820E-1
+9.00000E+2	+2.80624E-1	+1.60413E-1	+2.25071E-1
+9.00500E+2	+2.74124E-1	+1.61946E-1	+2.26599E-1
+9.01000E+2	+2.79892E-1	+1.63983E-1	+2.30388E-1
+9.01500E+2	+2.85873E-1	+1.66395E-1	+2.32728E-1
+9.02000E+2	+2.90344E-1	+1.68763E-1	+2.37226E-1
+9.02500E+2	+2.93793E-1	+1.70894E-1	+2.39927E-1
+9.03000E+2	+2.94724E-1	+1.73144E-1	+2.43374E-1
+9.03500E+2	+3.00385E-1	+1.75261E-1	+2.46497E-1
+9.04000E+2	+2.97333E-1	+1.77402E-1	+2.49246E-1
+9.04500E+2	+3.00507E-1	+1.79995E-1	+2.53212E-1
+9.05000E+2	+3.07175E-1	+1.82317E-1	+2.56520E-1
+9.05500E+2	+3.09708E-1	+1.84156E-1	+2.58572E-1
+9.06000E+2	+3.16315E-1	+1.85280E-1	+2.60759E-1
+9.06500E+2	+3.16681E-1	+1.85910E-1	+2.61634E-1
+9.07000E+2	+3.16818E-1	+1.86434E-1	+2.62400E-1
+9.07500E+2	+3.14545E-1	+1.87127E-1	+2.63387E-1
+9.08000E+2	+3.15399E-1	+1.87894E-1	+2.64478E-1
+9.08500E+2	+3.16055E-1	+1.88578E-1	+2.65437E-1
+9.09000E+2	+3.17581E-1	+1.88844E-1	+2.65818E-1
+9.09500E+2	+3.20084E-1	+1.88703E-1	+2.65598E-1
+9.10000E+2	+3.18329E-1	+1.88384E-1	+2.65150E-1
+9.10500E+2	+3.16376E-1	+1.88307E-1	+2.64881E-1
+9.11000E+2	+3.13278E-1	+1.88920E-1	+2.64889E-1
+9.11500E+2	+3.21396E-1	+1.90077E-1	+2.66951E-1
+9.12000E+2	+3.19839E-1	+1.90876E-1	+2.67993E-1
+9.12500E+2	+3.16360E-1	+1.91042E-1	+2.68238E-1
+9.13000E+2	+3.18481E-1	+1.90721E-1	+2.68324E-1
+9.13500E+2	+3.21213E-1	+1.90047E-1	+2.66986E-1
+9.14000E+2	+3.21838E-1	+1.89423E-1	+2.66596E-1
+9.14500E+2	+3.10059E-1	+1.88570E-1	+2.64655E-1
+9.15000E+2	+3.15155E-1	+1.87720E-1	+2.64061E-1
+9.15500E+2	+3.13553E-1	+1.86712E-1	+2.61815E-1
+9.16000E+2	+3.07724E-1	+1.85479E-1	+2.60210E-1
+9.16500E+2	+3.07831E-1	+1.84214E-1	+2.58895E-1
+9.17000E+2	+3.07968E-1	+1.82938E-1	+2.57257E-1
+9.17500E+2	+3.04062E-1	+1.81801E-1	+2.54885E-1
+9.18000E+2	+3.05420E-1	+1.80530E-1	+2.53898E-1
+9.18500E+2	+3.03757E-1	+1.78781E-1	+2.50693E-1
+9.19000E+2	+3.00003E-1	+1.77794E-1	+2.48303E-1
+9.19500E+2	+3.00583E-1	+1.76370E-1	+2.47396E-1
+9.20000E+2	+2.97226E-1	+1.74594E-1	+2.45506E-1
+9.20500E+2	+2.95303E-1	+1.72688E-1	+2.42080E-1
+9.21000E+2	+2.91290E-1	+1.70550E-1	+2.39798E-1
+9.21500E+2	+2.84195E-1	+1.68268E-1	+2.35970E-1
+9.22000E+2	+2.84302E-1	+1.65861E-1	+2.33118E-1
+9.22500E+2	+2.80228E-1	+1.63724E-1	+2.29280E-1
+9.23000E+2	+2.81357E-1	+1.61822E-1	+2.27088E-1
+9.23500E+2	+2.78122E-1	+1.59951E-1	+2.23883E-1
+9.24000E+2	+2.74994E-1	+1.58169E-1	+2.22178E-1
+9.24500E+2	+2.71698E-1	+1.56627E-1	+2.19524E-1
+9.25000E+2	+2.74551E-1	+1.54881E-1	+2.17456E-1
+9.25500E+2	+2.68570E-1	+1.52905E-1	+2.13875E-1
+9.26000E+2	+2.63382E-1	+1.50905E-1	+2.11557E-1
+9.26500E+2	+2.57767E-1	+1.48703E-1	+2.07924E-1
+9.27000E+2	+2.54272E-1	+1.46310E-1	+2.05176E-1
+9.27500E+2	+2.50229E-1	+1.44132E-1	+2.01876E-1
+9.28000E+2	+2.51389E-1	+1.41832E-1	+1.98719E-1
+9.28500E+2	+2.51007E-1	+1.39931E-1	+1.95914E-1
+9.29000E+2	+2.48367E-1	+1.38420E-1	+1.93843E-1
+9.29500E+2	+2.46994E-1	+1.36949E-1	+1.91927E-1
+9.30000E+2	+2.43256E-1	+1.35408E-1	+1.89573E-1
+9.30500E+2	+2.37320E-1	+1.34098E-1	+1.87392E-1
+9.31000E+2	+2.37762E-1	+1.32809E-1	+1.85579E-1
+9.31500E+2	+2.41180E-1	+1.31434E-1	+1.84061E-1
+9.32000E+2	+2.32758E-1	+1.29985E-1	+1.82000E-1
+9.32500E+2	+2.34085E-1	+1.28453E-1	+1.79807E-1
+9.33000E+2	+2.30301E-1	+1.26899E-1	+1.77560E-1
+9.33500E+2	+2.23022E-1	+1.25083E-1	+1.74989E-1
+9.34000E+2	+2.26578E-1	+1.23475E-1	+1.72682E-1
+9.34500E+2	+2.16919E-1	+1.21722E-1	+1.70176E-1
+9.35000E+2	+2.20245E-1	+1.20077E-1	+1.67805E-1
+9.35500E+2	+2.19498E-1	+1.18955E-1	+1.66040E-1
+9.36000E+2	+2.18262E-1	+1.18371E-1	+1.64979E-1
+9.36500E+2	+2.20490E-1	+1.17831E-1	+1.64217E-1
+9.37000E+2	+2.20001E-1	+1.17097E-1	+1.63008E-1
+9.37500E+2	+2.15149E-1	+1.16360E-1	+1.62243E-1
+9.38000E+2	+2.18750E-1	+1.15498E-1	+1.60424E-1
+9.38500E+2	+2.09702E-1	+1.14336E-1	+1.59439E-1
+9.39000E+2	+2.10983E-1	+1.12770E-1	+1.56954E-1
+9.39500E+2	+2.06024E-1	+1.11524E-1	+1.55331E-1
+9.40000E+2	+2.16934E-1	+1.10748E-1	+1.54113E-1
+9.40500E+2	+2.01324E-1	+1.10345E-1	+1.53683E-1
+9.41000E+2	+2.09579E-1	+1.10097E-1	+1.53289E-1
+9.41500E+2	+2.09610E-1	+1.09859E-1	+1.52330E-1
+9.42000E+2	+2.01523E-1	+1.09514E-1	+1.52672E-1
+9.42500E+2	+2.05185E-1	+1.09079E-1	+1.51741E-1
+9.43000E+2	+2.07657E-1	+1.08484E-1	+1.51139E-1
+9.43500E+2	+2.04147E-1	+1.08046E-1	+1.49939E-1
+9.44000E+2	+2.01691E-1	+1.07841E-1	+1.49778E-1
+9.44500E+2	+2.03751E-1	+1.07537E-1	+1.49754E-1
+9.45000E+2	+2.04025E-1	+1.07359E-1	+1.49234E-1
+9.45500E+2	+2.04819E-1	+1.07049E-1	+1.49029E-1
+9.46000E+2	+1.98120E-1	+1.06703E-1	+1.48456E-1
+9.46500E+2	+2.01187E-1	+1.06246E-1	+1.47987E-1
+9.47000E+2	+2.04636E-1	+1.05838E-1	+1.47169E-1
+9.47500E+2	+2.02957E-1	+1.05475E-1	+1.46867E-1
+9.48000E+2	+1.97556E-1	+1.05142E-1	+1.46239E-1
+9.48500E+2	+1.99997E-1	+1.05003E-1	+1.45978E-1
+9.49000E+2	+1.99341E-1	+1.05042E-1	+1.46098E-1
+9.49500E+2	+2.00439E-1	+1.05441E-1	+1.46697E-1
+9.50000E+2	+1.98151E-1	+1.05934E-1	+1.47566E-1
+9.50500E+2	+1.97861E-1	+1.06239E-1	+1.47720E-1
+9.51000E+2	+2.00439E-1	+1.06652E-1	+1.47732E-1
+9.51500E+2	+2.08649E-1	+1.07049E-1	+1.49058E-1
+9.52000E+2	+2.00256E-1	+1.07775E-1	+1.50208E-1
+9.52500E+2	+2.10114E-1	+1.08401E-1	+1.51106E-1
+9.53000E+2	+2.07275E-1	+1.08634E-1	+1.51186E-1
+9.53500E+2	+2.02484E-1	+1.09036E-1	+1.52011E-1
+9.54000E+2	+2.04193E-1	+1.09444E-1	+1.52294E-1
+9.54500E+2	+2.14264E-1	+1.09887E-1	+1.53237E-1
+9.55000E+2	+1.96976E-1	+1.10815E-1	+1.54302E-1
+9.55500E+2	+1.99692E-1	+1.12435E-1	+1.56865E-1
+9.56000E+2	+2.04849E-1	+1.12813E-1	+1.57200E-1
+9.56500E+2	+2.16187E-1	+1.13768E-1	+1.58540E-1
+9.57000E+2	+2.11899E-1	+1.14570E-1	+1.59939E-1
+9.57500E+2	+2.15576E-1	+1.15436E-1	+1.61188E-1
+9.58000E+2	+2.13470E-1	+1.16261E-1	+1.61866E-1
+9.58500E+2	+2.15057E-1	+1.17017E-1	+1.63328E-1
+9.59000E+2	+2.14951E-1	+1.17683E-1	+1.63679E-1
+9.59500E+2	+2.22717E-1	+1.18225E-1	+1.65103E-1
+9.60000E+2	+2.21573E-1	+1.18441E-1	+1.65154E-1
+9.60500E+2	+2.15530E-1	+1.18546E-1	+1.65376E-1
+9.61000E+2	+2.21008E-1	+1.18634E-1	+1.65723E-1
+9.61500E+2	+2.19009E-1	+1.18767E-1	+1.65518E-1
+9.62000E+2	+2.18185E-1	+1.18884E-1	+1.65890E-1
+9.62500E+2	+2.21298E-1	+1.18999E-1	+1.65991E-1
+9.63000E+2	+2.23297E-1	+1.19374E-1	+1.66513E-1
+9.63500E+2	+2.20871E-1	+1.19985E-1	+1.67288E-1
+9.64000E+2	+2.24243E-1	+1.20843E-1	+1.68555E-1
+9.64500E+2	+2.28409E-1	+1.21678E-1	+1.69850E-1
+9.65000E+2	+2.27310E-1	+1.22379E-1	+1.70733E-1
+9.65500E+2	+2.23419E-1	+1.22641E-1	+1.70989E-1
+9.66000E+2	+2.27936E-1	+1.22482E-1	+1.70919E-1
+9.66500E+2	+2.25021E-1	+1.22245E-1	+1.70595E-1
+9.67000E+2	+2.18781E-1	+1.21788E-1	+1.70263E-1
+9.67500E+2	+2.27478E-1	+1.21556E-1	+1.68742E-1
+9.68000E+2	+2.23953E-1	+1.21378E-1	+1.69290E-1
+9.68500E+2	+2.24472E-1	+1.21470E-1	+1.69816E-1
+9.69000E+2	+2.29660E-1	+1.21638E-1	+1.70050E-1
+9.69500E+2	+2.24457E-1	+1.21791E-1	+1.70246E-1
+9.70000E+2	+2.24274E-1	+1.21966E-1	+1.70523E-1
+9.70500E+2	+2.27493E-1	+1.21936E-1	+1.70487E-1
+9.71000E+2	+2.26181E-1	+1.21655E-1	+1.70074E-1
+9.71500E+2	+2.24991E-1	+1.21380E-1	+1.69695E-1
+9.72000E+2	+2.23328E-1	+1.21044E-1	+1.69205E-1
+9.72500E+2	+2.23495E-1	+1.21128E-1	+1.69327E-1
+9.73000E+2	+2.26639E-1	+1.21166E-1	+1.69375E-1
+9.73500E+2	+2.25601E-1	+1.21015E-1	+1.68145E-1
+9.74000E+2	+2.24319E-1	+1.20513E-1	+1.68424E-1
+9.74500E+2	+2.22794E-1	+1.19806E-1	+1.67110E-1
+9.75000E+2	+2.24533E-1	+1.19102E-1	+1.66036E-1
+9.75500E+2	+2.15591E-1	+1.18544E-1	+1.65598E-1
+9.76000E+2	+2.19772E-1	+1.18165E-1	+1.64110E-1
+9.76500E+2	+2.19131E-1	+1.17891E-1	+1.64385E-1
+9.77000E+2	+2.22443E-1	+1.17801E-1	+1.64234E-1
+9.77500E+2	+2.19498E-1	+1.17417E-1	+1.63486E-1
+9.78000E+2	+2.15469E-1	+1.17036E-1	+1.63438E-1
+9.78500E+2	+2.18399E-1	+1.16506E-1	+1.62348E-1
+9.79000E+2	+2.11609E-1	+1.16027E-1	+1.61899E-1
+9.79500E+2	+2.14340E-1	+1.15601E-1	+1.60847E-1
+9.80000E+2	+2.13867E-1	+1.15148E-1	+1.60218E-1
+9.80500E+2	+2.19803E-1	+1.14554E-1	+1.59654E-1
+9.81000E+2	+2.15561E-1	+1.13871E-1	+1.58164E-1
+9.81500E+2	+2.09030E-1	+1.13239E-1	+1.57843E-1
+9.82000E+2	+2.09320E-1	+1.12732E-1	+1.56838E-1
+9.82500E+2	+2.09229E-1	+1.12376E-1	+1.56588E-1
+9.83000E+2	+2.07932E-1	+1.12126E-1	+1.56178E-1
+9.83500E+2	+2.13669E-1	+1.12135E-1	+1.56026E-1
+9.84000E+2	+2.11639E-1	+1.11996E-1	+1.55800E-1
+9.84500E+2	+2.09091E-1	+1.11957E-1	+1.55993E-1
+9.85000E+2	+2.06100E-1	+1.11737E-1	+1.55597E-1
+9.85500E+2	+2.04498E-1	+1.11414E-1	+1.55409E-1
+9.86000E+2	+2.04239E-1	+1.11133E-1	+1.54735E-1
+9.86500E+2	+2.07031E-1	+1.10920E-1	+1.54717E-1
+9.87000E+2	+2.06573E-1	+1.10689E-1	+1.54023E-1
+9.87500E+2	+2.12952E-1	+1.10429E-1	+1.53997E-1
+9.88000E+2	+2.11304E-1	+1.10107E-1	+1.53246E-1
+9.88500E+2	+2.06558E-1	+1.09936E-1	+1.52525E-1
+9.89000E+2	+2.08664E-1	+1.09842E-1	+1.53159E-1
+9.89500E+2	+2.15988E-1	+1.09733E-1	+1.53009E-1
+9.90000E+2	+2.10358E-1	+1.09462E-1	+1.52585E-1
+9.90500E+2	+2.03156E-1	+1.09095E-1	+1.52092E-1
+9.91000E+2	+2.00211E-1	+1.08774E-1	+1.51635E-1
+9.91500E+2	+2.09442E-1	+1.08436E-1	+1.51140E-1
+9.92000E+2	+2.04956E-1	+1.08040E-1	+1.50582E-1
+9.92500E+2	+2.07245E-1	+1.07671E-1	+1.49676E-1
+9.93000E+2	+2.05032E-1	+1.07233E-1	+1.49052E-1
+9.93500E+2	+1.98624E-1	+1.06837E-1	+1.48744E-1
+9.94000E+2	+2.07153E-1	+1.06627E-1	+1.48226E-1
+9.94500E+2	+2.00836E-1	+1.06396E-1	+1.47936E-1
+9.95000E+2	+2.01553E-1	+1.06187E-1	+1.47253E-1
+9.95500E+2	+2.04819E-1	+1.05888E-1	+1.47485E-1
+9.96000E+2	+1.98090E-1	+1.05536E-1	+1.46021E-1
+9.96500E+2	+1.99615E-1	+1.05120E-1	+1.46049E-1
+9.97000E+2	+2.01401E-1	+1.04732E-1	+1.45570E-1
+9.97500E+2	+1.95770E-1	+1.04346E-1	+1.44914E-1
+9.98000E+2	+1.90750E-1	+1.04087E-1	+1.44825E-1
+9.98500E+2	+2.06009E-1	+1.03849E-1	+1.44190E-1
+9.99000E+2	+1.96396E-1	+1.03472E-1	+1.43840E-1
+9.99500E+2	+1.97861E-1	+1.02928E-1	+1.42795E-1
+1.00000E+3	+1.97205E-1	+1.03150E-1	+1.43042E-1
