+2.00000E+6	+1.99800E+6	+3.07607E-1
+2.10000E+6	+2.10084E+6	+2.87728E-1
+2.20000E+6	+2.19780E+6	+2.76112E-1
+2.30000E+6	+2.29885E+6	+2.65361E-1
+2.40000E+6	+2.39808E+6	+2.46366E-1
+2.50000E+6	+2.50000E+6	+2.31733E-1
+2.60000E+6	+2.59403E+6	+2.23218E-1
+2.70000E+6	+2.69179E+6	+2.14895E-1
+2.80000E+6	+2.80112E+6	+2.02798E-1
+2.90000E+6	+2.90698E+6	+1.91675E-1
+3.00000E+6	+2.99760E+6	+1.84567E-1
+3.10000E+6	+3.11333E+6	+1.74554E-1
+3.20000E+6	+3.20513E+6	+1.65714E-1
+3.30000E+6	+3.30251E+6	+1.58361E-1
+3.40000E+6	+3.38753E+6	+1.52602E-1
+3.50000E+6	+3.50140E+6	+1.47111E-1
+3.60000E+6	+3.60750E+6	+1.42348E-1
+3.70000E+6	+3.70370E+6	+1.36174E-1
+3.80000E+6	+3.79939E+6	+1.29952E-1
+3.90000E+6	+3.88802E+6	+1.24386E-1
+4.00000E+6	+4.01929E+6	+1.17245E-1
+4.10000E+6	+4.09836E+6	+1.11115E-1
+4.20000E+6	+4.20875E+6	+1.05307E-1
+4.30000E+6	+4.31779E+6	+1.00436E-1
+4.40000E+6	+4.40141E+6	+9.59866E-2
+4.50000E+6	+4.50045E+6	+9.23883E-2
+4.60000E+6	+4.59559E+6	+8.81513E-2
+4.70000E+6	+4.70367E+6	+8.35302E-2
+4.80000E+6	+4.79846E+6	+7.93772E-2
+4.90000E+6	+4.90196E+6	+7.48799E-2
+5.00000E+6	+5.00000E+6	+7.02707E-2
+5.10000E+6	+5.12295E+6	+6.59919E-2
+5.20000E+6	+5.18672E+6	+6.18953E-2
+5.30000E+6	+5.37634E+6	+5.80030E-2
+5.40000E+6	+5.44662E+6	+5.40949E-2
+5.50000E+6	+5.53097E+6	+5.06311E-2
+5.60000E+6	+5.63063E+6	+4.69460E-2
+5.70000E+6	+5.64334E+6	+4.31762E-2
+5.80000E+6	+5.74713E+6	+3.94046E-2
+5.90000E+6	+5.81395E+6	+3.57843E-2
+6.00000E+6	+6.03865E+6	+3.21082E-2
+6.10000E+6	+6.05327E+6	+2.83278E-2
+6.20000E+6	+6.17284E+6	+2.51810E-2
+6.30000E+6	+6.29723E+6	+1.68945E-2
+6.40000E+6	+6.52174E+6	+4.80446E-3
+6.50000E+6	+6.63717E+6	+7.20111E-3
+6.60000E+6	+9.90000E+37	+NaN
+6.70000E+6	+2.50000E+4	+4.54169E-3
+6.80000E+6	+9.90000E+37	+NaN
+6.90000E+6	+1.25000E+4	+3.03191E-3
+7.00000E+6	+6.41026E+2	+3.21395E-3
+7.10000E+6	+9.90000E+37	+NaN
+7.20000E+6	+1.56250E+3	+7.65213E-3
+7.30000E+6	+1.04167E+4	+6.21885E-3
+7.40000E+6	+2.38636E+6	+8.00153E-3
+7.50000E+6	+7.35294E+6	+1.16658E-2
+7.60000E+6	+7.61035E+6	+2.42226E-2
+7.70000E+6	+7.62712E+6	+2.69351E-2
+7.80000E+6	+7.92393E+6	+3.08122E-2
+7.90000E+6	+7.69231E+6	+3.49426E-2
+8.00000E+6	+8.06452E+6	+3.87205E-2
+8.10000E+6	+8.06452E+6	+4.23638E-2
+8.20000E+6	+8.19672E+6	+4.63933E-2
+8.30000E+6	+8.27815E+6	+5.00135E-2
+8.40000E+6	+8.36120E+6	+5.38739E-2
+8.50000E+6	+8.46024E+6	+5.79081E-2
+8.60000E+6	+8.53242E+6	+6.17178E-2
+8.70000E+6	+8.69565E+6	+6.59208E-2
+8.80000E+6	+8.78735E+6	+6.99401E-2
+8.90000E+6	+8.89680E+6	+7.45720E-2
+9.00000E+6	+8.94454E+6	+7.91219E-2
+9.10000E+6	+9.17431E+6	+8.40224E-2
+9.20000E+6	+9.17431E+6	+8.91866E-2
+9.30000E+6	+9.36330E+6	+9.38985E-2
+9.40000E+6	+9.36330E+6	+9.89729E-2
+9.50000E+6	+9.54199E+6	+1.04386E-1
+9.60000E+6	+9.61538E+6	+1.09235E-1
+9.70000E+6	+9.70874E+6	+1.15055E-1
+9.80000E+6	+9.74659E+6	+1.20072E-1
+9.90000E+6	+9.94036E+6	+1.25607E-1
+1.00000E+7	+9.99001E+6	+1.30826E-1
+1.01000E+7	+1.01010E+7	+1.36501E-1
+1.02000E+7	+1.02041E+7	+1.42468E-1
+1.03000E+7	+1.03520E+7	+1.49014E-1
+1.04000E+7	+1.04167E+7	+1.55535E-1
+1.05000E+7	+1.04822E+7	+1.62829E-1
+1.06000E+7	+1.05932E+7	+1.70531E-1
+1.07000E+7	+1.06610E+7	+1.78734E-1
+1.08000E+7	+1.08108E+7	+1.87728E-1
+1.09000E+7	+1.08696E+7	+1.97084E-1
+1.10000E+7	+1.10497E+7	+2.07685E-1
+1.11000E+7	+1.11359E+7	+2.18698E-1
+1.12000E+7	+1.11857E+7	+2.30136E-1
+1.13000E+7	+1.12867E+7	+2.42420E-1
+1.14000E+7	+1.14416E+7	+2.55361E-1
+1.15000E+7	+1.14943E+7	+2.71133E-1
+1.16000E+7	+1.16009E+7	+2.85733E-1
+1.17000E+7	+1.16822E+7	+3.01206E-1
+1.18000E+7	+1.18483E+7	+3.17388E-1
+1.19000E+7	+1.19048E+7	+3.34998E-1
+1.20000E+7	+1.19904E+7	+3.54047E-1
+1.21000E+7	+1.21065E+7	+3.74657E-1
+1.22000E+7	+1.21951E+7	+3.97985E-1
+1.23000E+7	+1.22850E+7	+4.24475E-1
+1.24000E+7	+1.23762E+7	+4.53703E-1
+1.25000E+7	+1.24844E+7	+4.87567E-1
+1.26000E+7	+1.26263E+7	+5.26284E-1
+1.27000E+7	+1.26904E+7	+5.72995E-1
+1.28000E+7	+1.27877E+7	+6.25313E-1
+1.29000E+7	+1.29199E+7	+6.87712E-1
+1.30000E+7	+1.29870E+7	+7.60749E-1
+1.31000E+7	+1.31234E+7	+8.46852E-1
+1.32000E+7	+1.31926E+7	+9.46609E-1
+1.33000E+7	+1.32979E+7	+1.06444E+0
+1.34000E+7	+1.33869E+7	+1.19705E+0
+1.35000E+7	+1.34953E+7	+1.34268E+0
+1.36000E+7	+1.35870E+7	+1.44412E+0
+1.37000E+7	+1.36799E+7	+1.55145E+0
+1.38000E+7	+1.37931E+7	+1.59003E+0
+1.39000E+7	+1.38696E+7	+1.55042E+0
+1.40000E+7	+1.39860E+7	+1.44763E+0
+1.41000E+7	+1.40647E+7	+1.31244E+0
+1.42000E+7	+1.42045E+7	+1.18043E+0
+1.43000E+7	+1.43266E+7	+1.05510E+0
+1.44000E+7	+1.44092E+7	+9.45353E-1
+1.45000E+7	+1.44928E+7	+8.52698E-1
+1.46000E+7	+1.45985E+7	+7.73356E-1
+1.47000E+7	+1.46843E+7	+7.04559E-1
+1.48000E+7	+1.48368E+7	+6.46853E-1
+1.49000E+7	+1.49254E+7	+5.93333E-1
+1.50000E+7	+1.49925E+7	+5.49325E-1
+1.51000E+7	+1.51057E+7	+5.14552E-1
+1.52000E+7	+1.52207E+7	+4.78482E-1
+1.53000E+7	+1.53374E+7	+4.45216E-1
+1.54000E+7	+1.54321E+7	+4.17058E-1
+1.55000E+7	+1.55039E+7	+3.91718E-1
+1.56000E+7	+1.56250E+7	+3.68792E-1
+1.57000E+7	+1.57233E+7	+3.47079E-1
+1.58000E+7	+1.57978E+7	+3.28286E-1
+1.59000E+7	+1.58730E+7	+3.10162E-1
+1.60000E+7	+1.60256E+7	+2.94516E-1
+1.61000E+7	+1.60772E+7	+2.79552E-1
+1.62000E+7	+1.62075E+7	+2.65998E-1
+1.63000E+7	+1.62602E+7	+2.52598E-1
+1.64000E+7	+1.64474E+7	+2.39070E-1
+1.65000E+7	+1.64474E+7	+2.27805E-1
+1.66000E+7	+1.65837E+7	+2.17731E-1
+1.67000E+7	+1.66945E+7	+2.08220E-1
+1.68000E+7	+1.68350E+7	+1.99240E-1
+1.69000E+7	+1.69205E+7	+1.90656E-1
+1.70000E+7	+1.70358E+7	+1.82561E-1
+1.71000E+7	+1.70358E+7	+1.75019E-1
+1.72000E+7	+1.71527E+7	+1.68241E-1
+1.73000E+7	+1.72117E+7	+1.61467E-1
+1.74000E+7	+1.73310E+7	+1.54722E-1
+1.75000E+7	+1.74520E+7	+1.48688E-1
+1.76000E+7	+1.75439E+7	+1.42925E-1
+1.77000E+7	+1.76678E+7	+1.37583E-1
+1.78000E+7	+1.78253E+7	+1.31868E-1
+1.79000E+7	+1.78571E+7	+1.26534E-1
+1.80000E+7	+1.78891E+7	+1.21554E-1
+1.81000E+7	+1.81159E+7	+1.16516E-1
+1.82000E+7	+1.82149E+7	+1.11768E-1
+1.83000E+7	+1.83824E+7	+1.07429E-1
+1.84000E+7	+1.82815E+7	+1.02211E-1
+1.85000E+7	+1.85529E+7	+9.80936E-2
+1.86000E+7	+1.86220E+7	+9.37296E-2
+1.87000E+7	+1.88324E+7	+8.89234E-2
+1.88000E+7	+1.87617E+7	+8.43726E-2
+1.89000E+7	+1.89753E+7	+8.03545E-2
+1.90000E+7	+1.90476E+7	+7.60733E-2
+1.91000E+7	+1.91205E+7	+7.15427E-2
+1.92000E+7	+1.91939E+7	+6.75050E-2
+1.93000E+7	+1.91571E+7	+6.30141E-2
+1.94000E+7	+1.96078E+7	+5.91875E-2
+1.95000E+7	+1.93050E+7	+5.57165E-2
+1.96000E+7	+1.96464E+7	+5.17382E-2
+1.97000E+7	+1.94932E+7	+4.76743E-2
+1.98000E+7	+2.00000E+7	+4.41998E-2
+1.99000E+7	+1.96078E+7	+4.05414E-2
+2.00000E+7	+2.02429E+7	+3.66386E-2
+NaN	+NaN	+NaN
